 6 13  12 * N types, N RH, N bins *
 SULFATE      1
 0.00000000  * RELATIVE HUMIDITY *
 Bin Number, Radius Ratio, Final Density
 1 1.00000000     1760.
 2 1.00000000     1760.
 3 1.00000000     1760.
 4 1.00000000     1760.
 5 1.00000000     1760.
 6 1.00000000     1760.
 7 1.00000000     1760.
 8 1.00000000     1760.
 9 1.00000000     1760.
 10 1.00000000     1760.
 11 1.00000000     1760.
 12 1.00000000     1760.
  10. * RELATIVE HUMIDITY *
 Bin Number, Radius Ratio, Final Density
 1  1.  1760.
 2  1.  1760.
 3  1.  1760.
 4  1.  1760.
 5  1.  1760.
 6  1.  1760.
 7  1.  1760.
 8  1.  1760.
 9  1.  1760.
 10  1.  1760.
 11  1.  1760.
 12  1.  1760.
  20. * RELATIVE HUMIDITY *
 Bin Number, Radius Ratio, Final Density
 1  1.  1760.
 2  1.  1760.
 3  1.  1760.
 4  1.  1760.
 5  1.  1760.
 6  1.  1760.
 7  1.  1760.
 8  1.  1760.
 9  1.  1760.
 10  1.  1760.
 11  1.  1760.
 12  1.  1760.
  30.0000019 * RELATIVE HUMIDITY *
 Bin Number, Radius Ratio, Final Density
 1  1.  1760.
 2  1.  1760.
 3  1.  1760.
 4  1.  1760.
 5  1.  1760.
 6  1.  1760.
 7  1.  1760.
 8  1.  1760.
 9  1.  1760.
 10  1.  1760.
 11  1.  1760.
 12  1.  1760.
  40. * RELATIVE HUMIDITY *
 Bin Number, Radius Ratio, Final Density
 1  1.00841105  1741.14087
 2  1.00934243  1739.09106
 3  1.00983548  1738.00916
 4  1.01008964  1737.45227
 5  1.01021874  1737.16931
 6  1.01028395  1737.02686
 7  1.01031661  1736.9552
 8  1.01033294  1736.91956
 9  1.01034129  1736.90137
 10  1.01034522  1736.89246
 11  1.01034737  1736.88782
 12  1.01034832  1736.88574
  50. * RELATIVE HUMIDITY *
 Bin Number, Radius Ratio, Final Density
 1  1.05084515  1654.93384
 2  1.05629969  1644.84009
 3  1.05919886  1639.55969
 4  1.06069827  1636.85132
 5  1.06146193  1635.47766
 6  1.06184757  1634.78564
 7  1.06204128  1634.43823
 8  1.06213856  1634.26416
 9  1.06218719  1634.17688
 10  1.06221139  1634.13342
 11  1.06222367  1634.11157
 12  1.06222975  1634.10059
  60.0000038 * RELATIVE HUMIDITY *
 Bin Number, Radius Ratio, Final Density
 1  1.11907184  1542.30017
 2  1.1320858  1523.81226
 3  1.13907838  1514.22461
 4  1.14271951  1509.32458
 5  1.14458191  1506.84229
 6  1.1455245  1505.59229
 7  1.14599884  1504.96472
 8  1.14623678  1504.65027
 9  1.14635611  1504.4928
 10  1.14641571  1504.41394
 11  1.14644563  1504.37476
 12  1.14646053  1504.35498
  70. * RELATIVE HUMIDITY *
 Bin Number, Radius Ratio, Final Density
 1  1.22100043  1417.50916
 2  1.24709547  1391.84509
 3  1.26140916  1378.65674
 4  1.26895666  1371.94031
 5  1.27284575  1368.5415
 6  1.27482259  1366.82959
 7  1.27581954  1365.97021
 8  1.27632046  1365.53955
 9  1.27657127  1365.3241
 10  1.27669704  1365.21606
 11  1.27675998  1365.16223
 12  1.27679133  1365.13525
  80. * RELATIVE HUMIDITY *
 Bin Number, Radius Ratio, Final Density
 1  1.3731457  1293.5376
 2  1.42516482  1262.55383
 3  1.45490825  1246.77808
 4  1.47098017  1238.77734
 5  1.47938359  1234.73145
 6  1.48369098  1232.69287
 7  1.48587346  1231.66919
 8  1.48697245  1231.15576
 9  1.48752391  1230.89893
 10  1.4878  1230.77026
 11  1.48793828  1230.70605
 12  1.48800743  1230.67383
  90. * RELATIVE HUMIDITY *
 Bin Number, Radius Ratio, Final Density
 1  1.50257051  1224.03149
 2  1.60237956  1184.72144
 3  1.66581953  1164.41064
 4  1.70215309  1154.10535
 5  1.72180748  1148.88806
 6  1.73208559  1146.2533
 7  1.73735273  1144.92712
 8  1.74002123  1144.26135
 9  1.74136448  1143.92773
 10  1.74203837  1143.76074
 11  1.74237597  1143.67725
 12  1.74254501  1143.6355
  95. * RELATIVE HUMIDITY *
 Bin Number, Radius Ratio, Final Density
 1  1.60828495  1182.69409
 2  1.78052938  1134.63757
 3  1.91167665  1108.7854
 4  1.99349546  1095.93298
 5  2.04004192  1089.51514
 6  2.06519794  1086.28369
 7  2.07834625  1084.65637
 8  2.08507967  1083.83887
 9  2.08849001  1083.42883
 10  2.09020615  1083.22351
 11  2.09106731  1083.12073
 12  2.09149909  1083.06934
  98. * RELATIVE HUMIDITY *
 Bin Number, Radius Ratio, Final Density
 1  1.70378399  1153.66321
 2  2.0004797  1094.93164
 3  2.29973388  1062.48572
 4  2.52296424  1047.32385
 5  2.65709186  1040.51294
 6  2.73107576  1037.30884
 7  2.77028298  1035.74707
 8  2.79055953  1034.97351
 9  2.80089164  1034.58789
 10  2.80610847  1034.39539
 11  2.80873418  1034.29907
 12  2.81004524  1034.25098
  99. * RELATIVE HUMIDITY *
 Bin Number, Radius Ratio, Final Density
 1  1.7519629  1141.33142
 2  2.13535786  1078.05518
 3  2.59891152  1043.29517
 4  2.99610949  1028.25793
 5  3.25732112  1021.99036
 6  3.4071672  1019.21466
 7  3.48741317  1017.91858
 8  3.52893424  1017.29352
 9  3.5500524  1016.98669
 10  3.56070256  1016.83472
 11  3.56604981  1016.75916
 12  3.5687294  1016.72137
 SEASALT      2
 0.00000000  * RELATIVE HUMIDITY *
 Bin Number, Radius Ratio, Final Density
 1 1.00000000     2240.
 2 1.00000000     2240.
 3 1.00000000     2240.
 4 1.00000000     2240.
 5 1.00000000     2240.
 6 1.00000000     2240.
 7 1.00000000     2240.
 8 1.00000000     2240.
 9 1.00000000     2240.
 10 1.00000000     2240.
 11 1.00000000     2240.
 12 1.00000000     2240.
  10. * RELATIVE HUMIDITY *
 Bin Number, Radius Ratio, Final Density
 1  1.  2240.
 2  1.  2240.
 3  1.  2240.
 4  1.  2240.
 5  1.  2240.
 6  1.  2240.
 7  1.  2240.
 8  1.  2240.
 9  1.  2240.
 10  1.  2240.
 11  1.  2240.
 12  1.  2240.
  20. * RELATIVE HUMIDITY *
 Bin Number, Radius Ratio, Final Density
 1  1.  2240.
 2  1.  2240.
 3  1.  2240.
 4  1.  2240.
 5  1.  2240.
 6  1.  2240.
 7  1.  2240.
 8  1.  2240.
 9  1.  2240.
 10  1.  2240.
 11  1.  2240.
 12  1.  2240.
  30.0000019 * RELATIVE HUMIDITY *
 Bin Number, Radius Ratio, Final Density
 1  1.  2240.
 2  1.  2240.
 3  1.  2240.
 4  1.  2240.
 5  1.  2240.
 6  1.  2240.
 7  1.  2240.
 8  1.  2240.
 9  1.  2240.
 10  1.  2240.
 11  1.  2240.
 12  1.  2240.
  40. * RELATIVE HUMIDITY *
 Bin Number, Radius Ratio, Final Density
 1  1.  2240.
 2  1.  2240.
 3  1.  2240.
 4  1.  2240.
 5  1.  2240.
 6  1.  2240.
 7  1.  2240.
 8  1.  2240.
 9  1.  2240.
 10  1.  2240.
 11  1.  2240.
 12  1.  2240.
  50. * RELATIVE HUMIDITY *
 Bin Number, Radius Ratio, Final Density
 1  1.09423268  1946.43909
 2  1.09878027  1934.73645
 3  1.10108542  1928.87805
 4  1.1022507  1925.9353
 5  1.10283732  1924.45825
 6  1.10313189  1923.71802
 7  1.10327947  1923.34717
 8  1.10335338  1923.16162
 9  1.10339034  1923.06885
 10  1.10340881  1923.02246
 11  1.10341811  1922.99927
 12  1.10342264  1922.98767
  60.0000038 * RELATIVE HUMIDITY *
 Bin Number, Radius Ratio, Final Density
 1  1.3358252  1520.20288
 2  1.35186279  1501.90771
 3  1.36013401  1492.80676
 4  1.36435699  1488.24487
 5  1.36649513  1485.95654
 6  1.36757159  1484.80994
 7  1.36811185  1484.23572
 8  1.36838257  1483.94836
 9  1.36851799  1483.80469
 10  1.36858594  1483.73291
 11  1.36861968  1483.69702
 12  1.36863661  1483.67908
  70. * RELATIVE HUMIDITY *
 Bin Number, Radius Ratio, Final Density
 1  1.65642977  1272.83667
 2  1.69109273  1256.40088
 3  1.70946002  1248.22461
 4  1.71898234  1244.12231
 5  1.72384417  1242.06262
 6  1.72630322  1241.02966
 7  1.72754025  1240.51221
 8  1.72816062  1240.2533
 9  1.7284714  1240.12378
 10  1.72862673  1240.05908
 11  1.72870457  1240.02661
 12  1.72874367  1240.01025
  80. * RELATIVE HUMIDITY *
 Bin Number, Radius Ratio, Final Density
 1  1.90328348  1179.85034
 2  1.96394026  1163.69556
 3  1.99739087  1155.60815
 4  2.01512957  1151.53491
 5  2.02430415  1149.48389
 6  2.02897763  1148.45337
 7  2.03133774  1147.93652
 8  2.03252387  1147.67761
 9  2.03311825  1147.54822
 10  2.03341579  1147.4834
 11  2.03356481  1147.45093
 12  2.03363943  1147.43469
  90. * RELATIVE HUMIDITY *
 Bin Number, Radius Ratio, Final Density
 1  2.12895298  1128.50598
 2  2.25106573  1108.70691
 3  2.32386112  1098.80774
 4  2.36415839  1093.84082
 5  2.38554072  1091.34009
 6  2.39659595  1090.08179
 7  2.40222454  1089.45007
 8  2.40506577  1089.13342
 9  2.40649343  1088.97498
 10  2.40720916  1088.89563
 11  2.4075675  1088.85596
 12  2.40774679  1088.83606
  95. * RELATIVE HUMIDITY *
 Bin Number, Radius Ratio, Final Density
 1  2.33360147  1097.57568
 2  2.56507397  1073.47205
 3  2.7226963  1061.43616
 4  2.8160603  1055.52588
 5  2.86762524  1052.58411
 6  2.8949275  1051.11035
 7  2.9090209  1050.37109
 8  2.91619015  1050.00049
 9  2.91980529  1049.81494
 10  2.92162204  1049.72217
 11  2.92253304  1049.67566
 12  2.92298841  1049.65247
  98. * RELATIVE HUMIDITY *
 Bin Number, Radius Ratio, Final Density
 1  2.5433929  1075.36707
 2  3.00894499  1045.51758
 3  3.4024539  1031.48071
 4  3.65488076  1025.39819
 5  3.79766583  1022.63977
 6  3.87441921  1021.32074
 7  3.91449809  1020.67255
 8  3.93503833  1020.35046
 9  3.94544744  1020.18982
 10  3.95069361  1020.1095
 11  3.95332122  1020.06946
 12  3.95464158  1020.04938
  99. * RELATIVE HUMIDITY *
 Bin Number, Radius Ratio, Final Density
 1  2.67132878  1065.04883
 2  3.31481075  1034.04443
 3  3.95491886  1020.04517
 4  4.41945171  1014.36536
 5  4.70086098  1011.93683
 6  4.85590076  1010.82959
 7  4.93728304  1010.30286
 8  4.97897625  1010.0462
 9  5.00007725  1009.91956
 10  5.01069212  1009.85663
 11  5.01601553  1009.82526
 12  5.01868153  1009.80963
 NITRATE      3
 0.00000000  * RELATIVE HUMIDITY *
 Bin Number, Radius Ratio, Final Density
 1 1.00000000     1725.
 2 1.00000000     1725.
 3 1.00000000     1725.
 4 1.00000000     1725.
 5 1.00000000     1725.
 6 1.00000000     1725.
 7 1.00000000     1725.
 8 1.00000000     1725.
 9 1.00000000     1725.
 10 1.00000000     1725.
 11 1.00000000     1725.
 12 1.00000000     1725.
  10. * RELATIVE HUMIDITY *
 Bin Number, Radius Ratio, Final Density
 1  1.  1725.
 2  1.  1725.
 3  1.  1725.
 4  1.  1725.
 5  1.  1725.
 6  1.  1725.
 7  1.  1725.
 8  1.  1725.
 9  1.  1725.
 10  1.  1725.
 11  1.  1725.
 12  1.  1725.
  20. * RELATIVE HUMIDITY *
 Bin Number, Radius Ratio, Final Density
 1  1.  1725.
 2  1.  1725.
 3  1.  1725.
 4  1.  1725.
 5  1.  1725.
 6  1.  1725.
 7  1.  1725.
 8  1.  1725.
 9  1.  1725.
 10  1.  1725.
 11  1.  1725.
 12  1.  1725.
  30.0000019 * RELATIVE HUMIDITY *
 Bin Number, Radius Ratio, Final Density
 1  0.999758422  1725.52563
 2  1.00093281  1722.97485
 3  1.00157189  1721.59192
 4  1.00190532  1720.8717
 5  1.00207579  1720.50366
 6  1.0021621  1720.31787
 7  1.00220537  1720.22437
 8  1.00222719  1720.17737
 9  1.00223804  1720.15381
 10  1.00224352  1720.14209
 11  1.00224626  1720.13623
 12  1.00224757  1720.13354
  40. * RELATIVE HUMIDITY *
 Bin Number, Radius Ratio, Final Density
 1  1.01466382  1694.01904
 2  1.02013266  1682.91724
 3  1.02309895  1676.99451
 4  1.02464736  1673.93018
 5  1.02543926  1672.36987
 6  1.02583981  1671.5824
 7  1.02604139  1671.18677
 8  1.02614236  1670.98853
 9  1.02619314  1670.88916
 10  1.0262183  1670.83972
 11  1.02623093  1670.81482
 12  1.02623737  1670.80225
  50. * RELATIVE HUMIDITY *
 Bin Number, Radius Ratio, Final Density
 1  1.05546379  1616.60645
 2  1.0687232  1593.93958
 3  1.0759598  1582.03613
 4  1.07975495  1575.92017
 5  1.08170199  1572.81592
 6  1.08268881  1571.2511
 7  1.08318567  1570.46521
 8  1.08343518  1570.07141
 9  1.08355999  1569.87451
 10  1.08362234  1569.77588
 11  1.08365369  1569.72644
 12  1.08366942  1569.7019
  60.0000038 * RELATIVE HUMIDITY *
 Bin Number, Radius Ratio, Final Density
 1  1.1313616  1500.64941
 2  1.15831673  1466.50464
 3  1.17322278  1448.94849
 4  1.18110514  1440.0199
 5  1.18516934  1435.50867
 6  1.18723488  1433.2395
 7  1.18827665  1432.10107
 8  1.18879986  1431.53076
 9  1.18906188  1431.24548
 10  1.18919313  1431.10278
 11  1.18925869  1431.03149
 12  1.1892916  1430.99573
  70. * RELATIVE HUMIDITY *
 Bin Number, Radius Ratio, Final Density
 1  1.21323633  1405.97729
 2  1.25626457  1365.67456
 3  1.28050947  1345.29443
 4  1.29347336  1335.01599
 5  1.30020308  1329.84082
 6  1.30363715  1327.24109
 7  1.30537295  1325.93738
 8  1.30624557  1325.28467
 9  1.30668318  1324.95801
 10  1.30690229  1324.79456
 11  1.30701196  1324.71277
 12  1.30706668  1324.672
  80. * RELATIVE HUMIDITY *
 Bin Number, Radius Ratio, Final Density
 1  1.3201741  1315.09717
 2  1.39106238  1269.33838
 3  1.43212175  1246.83008
 4  1.45441663  1235.65222
 5  1.46610439  1230.06116
 6  1.47210467  1227.25952
 7  1.47514772  1225.85583
 8  1.47668064  1225.1532
 9  1.47745001  1224.80176
 10  1.47783542  1224.62598
 11  1.4780283  1224.53796
 12  1.47812486  1224.49402
  90. * RELATIVE HUMIDITY *
 Bin Number, Radius Ratio, Final Density
 1  1.50099945  1214.38599
 2  1.64653814  1162.4137
 3  1.73662198  1138.42749
 4  1.78717804  1127.00903
 5  1.81422734  1121.41235
 6  1.82829642  1118.63098
 7  1.83548748  1117.24219
 8  1.83912599  1116.54761
 9  1.84095681  1116.20032
 10  1.84187496  1116.02661
 11  1.84233499  1115.9397
 12  1.84256518  1115.89624
  95. * RELATIVE HUMIDITY *
 Bin Number, Radius Ratio, Final Density
 1  1.66309726  1157.61047
 2  1.92010128  1102.41553
 3  2.09686565  1078.63684
 4  2.20023656  1068.06592
 5  2.25669956  1063.08362
 6  2.28648591  1060.65027
 7  2.30185246  1059.4436
 8  2.30967236  1058.84192
 9  2.31361818  1058.54138
 10  2.31560254  1058.39099
 11  2.31659627  1058.31592
 12  2.31709266  1058.27844
  98. * RELATIVE HUMIDITY *
 Bin Number, Radius Ratio, Final Density
 1  1.81773233  1120.71143
 2  2.25535607  1063.19641
 3  2.62196541  1040.22144
 4  2.86065912  1030.96985
 5  2.99709964  1026.92993
 6  3.07093644  1025.03369
 7  3.10970116  1024.10913
 8  3.12964845  1023.65112
 9  3.1397841  1023.42279
 10  3.14489651  1023.30878
 11  3.14746356  1023.25177
 12  3.14875031  1023.22327
  99. * RELATIVE HUMIDITY *
 Bin Number, Radius Ratio, Final Density
 1  1.90651596  1104.62048
 2  2.45965195  1048.72107
 3  2.99747992  1026.91968
 4  3.40705919  1018.33154
 5  3.66647243  1014.70935
 6  3.81325364  1013.07526
 7  3.89139795  1012.30328
 8  3.93172216  1011.92859
 9  3.9522047  1011.74408
 10  3.96252775  1011.65253
 11  3.9677093  1011.60693
 12  3.97030544  1011.58423
 BLACKCARBON  4
 0.00000000  * RELATIVE HUMIDITY *
 Bin Number, Radius Ratio, Final Density
 1 1.00000000     2300.
 2 1.00000000     2300.
 3 1.00000000     2300.
 4 1.00000000     2300.
 5 1.00000000     2300.
 6 1.00000000     2300.
 7 1.00000000     2300.
 8 1.00000000     2300.
 9 1.00000000     2300.
 10 1.00000000     2300.
 11 1.00000000     2300.
 12 1.00000000     2300.
  10. * RELATIVE HUMIDITY *
 Bin Number, Radius Ratio, Final Density
 1  1.  2300.
 2  1.  2300.
 3  1.  2300.
 4  1.  2300.
 5  1.  2300.
 6  1.  2300.
 7  1.  2300.
 8  1.  2300.
 9  1.  2300.
 10  1.  2300.
 11  1.  2300.
 12  1.  2300.
  20. * RELATIVE HUMIDITY *
 Bin Number, Radius Ratio, Final Density
 1  1.  2300.
 2  1.  2300.
 3  1.  2300.
 4  1.  2300.
 5  1.  2300.
 6  1.  2300.
 7  1.  2300.
 8  1.  2300.
 9  1.  2300.
 10  1.  2300.
 11  1.  2300.
 12  1.  2300.
  30.0000019 * RELATIVE HUMIDITY *
 Bin Number, Radius Ratio, Final Density
 1  1.  2300.
 2  1.  2300.
 3  1.  2300.
 4  1.  2300.
 5  1.  2300.
 6  1.  2300.
 7  1.  2300.
 8  1.  2300.
 9  1.  2300.
 10  1.  2300.
 11  1.  2300.
 12  1.  2300.
  40. * RELATIVE HUMIDITY *
 Bin Number, Radius Ratio, Final Density
 1  1.  2300.
 2  1.  2300.
 3  1.  2300.
 4  1.  2300.
 5  1.  2300.
 6  1.  2300.
 7  1.  2300.
 8  1.  2300.
 9  1.  2300.
 10  1.  2300.
 11  1.  2300.
 12  1.  2300.
  50. * RELATIVE HUMIDITY *
 Bin Number, Radius Ratio, Final Density
 1  1.  2300.
 2  1.  2300.
 3  1.  2300.
 4  1.  2300.
 5  1.  2300.
 6  1.  2300.
 7  1.  2300.
 8  1.  2300.
 9  1.  2300.
 10  1.  2300.
 11  1.  2300.
 12  1.  2300.
  60.0000038 * RELATIVE HUMIDITY *
 Bin Number, Radius Ratio, Final Density
 1  1.  2300.
 2  1.  2300.
 3  1.  2300.
 4  1.  2300.
 5  1.  2300.
 6  1.  2300.
 7  1.  2300.
 8  1.  2300.
 9  1.  2300.
 10  1.  2300.
 11  1.  2300.
 12  1.  2300.
  70. * RELATIVE HUMIDITY *
 Bin Number, Radius Ratio, Final Density
 1  1.  2300.
 2  1.  2300.
 3  1.  2300.
 4  1.  2300.
 5  1.  2300.
 6  1.  2300.
 7  1.  2300.
 8  1.  2300.
 9  1.  2300.
 10  1.  2300.
 11  1.  2300.
 12  1.  2300.
  80. * RELATIVE HUMIDITY *
 Bin Number, Radius Ratio, Final Density
 1  1.  2300.
 2  1.  2300.
 3  1.  2300.
 4  1.  2300.
 5  1.  2300.
 6  1.  2300.
 7  1.  2300.
 8  1.  2300.
 9  1.  2300.
 10  1.  2300.
 11  1.  2300.
 12  1.  2300.
  90. * RELATIVE HUMIDITY *
 Bin Number, Radius Ratio, Final Density
 1  1.  2300.
 2  1.  2300.
 3  1.  2300.
 4  1.  2300.
 5  1.  2300.
 6  1.  2300.
 7  1.  2300.
 8  1.  2300.
 9  1.  2300.
 10  1.  2300.
 11  1.  2300.
 12  1.  2300.
  95. * RELATIVE HUMIDITY *
 Bin Number, Radius Ratio, Final Density
 1  1.  2300.
 2  1.  2300.
 3  1.  2300.
 4  1.  2300.
 5  1.  2300.
 6  1.  2300.
 7  1.  2300.
 8  1.  2300.
 9  1.  2300.
 10  1.  2300.
 11  1.  2300.
 12  1.  2300.
  98. * RELATIVE HUMIDITY *
 Bin Number, Radius Ratio, Final Density
 1  1.  2300.
 2  1.  2300.
 3  1.  2300.
 4  1.  2300.
 5  1.  2300.
 6  1.  2300.
 7  1.  2300.
 8  1.  2300.
 9  1.  2300.
 10  1.  2300.
 11  1.  2300.
 12  1.  2300.
  99. * RELATIVE HUMIDITY *
 Bin Number, Radius Ratio, Final Density
 1  1.  2300.
 2  1.  2300.
 3  1.  2300.
 4  1.  2300.
 5  1.  2300.
 6  1.  2300.
 7  1.  2300.
 8  1.  2300.
 9  1.  2300.
 10  1.  2300.
 11  1.  2300.
 12  1.  2300.
 SOILDUST     5
 0.00000000  * RELATIVE HUMIDITY *
 Bin Number, Radius Ratio, Final Density
 1 1.00000000     2500.
 2 1.00000000     2500.
 3 1.00000000     2500.
 4 1.00000000     2500.
 5 1.00000000     2500.
 6 1.00000000     2500.
 7 1.00000000     2500.
 8 1.00000000     2500.
 9 1.00000000     2500.
 10 1.00000000     2500.
 11 1.00000000     2500.
 12 1.00000000     2500.
  10. * RELATIVE HUMIDITY *
 Bin Number, Radius Ratio, Final Density
 1  1.  2500.
 2  1.  2500.
 3  1.  2500.
 4  1.  2500.
 5  1.  2500.
 6  1.  2500.
 7  1.  2500.
 8  1.  2500.
 9  1.  2500.
 10  1.  2500.
 11  1.  2500.
 12  1.  2500.
  20. * RELATIVE HUMIDITY *
 Bin Number, Radius Ratio, Final Density
 1  1.  2500.
 2  1.  2500.
 3  1.  2500.
 4  1.  2500.
 5  1.  2500.
 6  1.  2500.
 7  1.  2500.
 8  1.  2500.
 9  1.  2500.
 10  1.  2500.
 11  1.  2500.
 12  1.  2500.
  30.0000019 * RELATIVE HUMIDITY *
 Bin Number, Radius Ratio, Final Density
 1  1.  2500.
 2  1.  2500.
 3  1.  2500.
 4  1.  2500.
 5  1.  2500.
 6  1.  2500.
 7  1.  2500.
 8  1.  2500.
 9  1.  2500.
 10  1.  2500.
 11  1.  2500.
 12  1.  2500.
  40. * RELATIVE HUMIDITY *
 Bin Number, Radius Ratio, Final Density
 1  1.  2500.
 2  1.  2500.
 3  1.  2500.
 4  1.  2500.
 5  1.  2500.
 6  1.  2500.
 7  1.  2500.
 8  1.  2500.
 9  1.  2500.
 10  1.  2500.
 11  1.  2500.
 12  1.  2500.
  50. * RELATIVE HUMIDITY *
 Bin Number, Radius Ratio, Final Density
 1  1.  2500.
 2  1.  2500.
 3  1.  2500.
 4  1.  2500.
 5  1.  2500.
 6  1.  2500.
 7  1.  2500.
 8  1.  2500.
 9  1.  2500.
 10  1.  2500.
 11  1.  2500.
 12  1.  2500.
  60.0000038 * RELATIVE HUMIDITY *
 Bin Number, Radius Ratio, Final Density
 1  1.  2500.
 2  1.  2500.
 3  1.  2500.
 4  1.  2500.
 5  1.  2500.
 6  1.  2500.
 7  1.  2500.
 8  1.  2500.
 9  1.  2500.
 10  1.  2500.
 11  1.  2500.
 12  1.  2500.
  70. * RELATIVE HUMIDITY *
 Bin Number, Radius Ratio, Final Density
 1  1.  2500.
 2  1.  2500.
 3  1.  2500.
 4  1.  2500.
 5  1.  2500.
 6  1.  2500.
 7  1.  2500.
 8  1.  2500.
 9  1.  2500.
 10  1.  2500.
 11  1.  2500.
 12  1.  2500.
  80. * RELATIVE HUMIDITY *
 Bin Number, Radius Ratio, Final Density
 1  1.  2500.
 2  1.  2500.
 3  1.  2500.
 4  1.  2500.
 5  1.  2500.
 6  1.  2500.
 7  1.  2500.
 8  1.  2500.
 9  1.  2500.
 10  1.  2500.
 11  1.  2500.
 12  1.  2500.
  90. * RELATIVE HUMIDITY *
 Bin Number, Radius Ratio, Final Density
 1  1.  2500.
 2  1.  2500.
 3  1.  2500.
 4  1.  2500.
 5  1.  2500.
 6  1.  2500.
 7  1.  2500.
 8  1.  2500.
 9  1.  2500.
 10  1.  2500.
 11  1.  2500.
 12  1.  2500.
  95. * RELATIVE HUMIDITY *
 Bin Number, Radius Ratio, Final Density
 1  1.  2500.
 2  1.  2500.
 3  1.  2500.
 4  1.  2500.
 5  1.  2500.
 6  1.  2500.
 7  1.  2500.
 8  1.  2500.
 9  1.  2500.
 10  1.  2500.
 11  1.  2500.
 12  1.  2500.
  98. * RELATIVE HUMIDITY *
 Bin Number, Radius Ratio, Final Density
 1  1.  2500.
 2  1.  2500.
 3  1.  2500.
 4  1.  2500.
 5  1.  2500.
 6  1.  2500.
 7  1.  2500.
 8  1.  2500.
 9  1.  2500.
 10  1.  2500.
 11  1.  2500.
 12  1.  2500.
  99. * RELATIVE HUMIDITY *
 Bin Number, Radius Ratio, Final Density
 1  1.  2500.
 2  1.  2500.
 3  1.  2500.
 4  1.  2500.
 5  1.  2500.
 6  1.  2500.
 7  1.  2500.
 8  1.  2500.
 9  1.  2500.
 10  1.  2500.
 11  1.  2500.
 12  1.  2500.
 OMCARBON     6
 0.00000000  * RELATIVE HUMIDITY *
 Bin Number, Radius Ratio, Final Density
 1 1.00000000     1760.
 2 1.00000000     1760.
 3 1.00000000     1760.
 4 1.00000000     1760.
 5 1.00000000     1760.
 6 1.00000000     1760.
 7 1.00000000     1760.
 8 1.00000000     1760.
 9 1.00000000     1760.
 10 1.00000000     1760.
 11 1.00000000     1760.
 12 1.00000000     1760.
  10. * RELATIVE HUMIDITY *
 Bin Number, Radius Ratio, Final Density
 1  1.  1760.
 2  1.  1760.
 3  1.  1760.
 4  1.  1760.
 5  1.  1760.
 6  1.  1760.
 7  1.  1760.
 8  1.  1760.
 9  1.  1760.
 10  1.  1760.
 11  1.  1760.
 12  1.  1760.
  20. * RELATIVE HUMIDITY *
 Bin Number, Radius Ratio, Final Density
 1  1.  1760.
 2  1.  1760.
 3  1.  1760.
 4  1.  1760.
 5  1.  1760.
 6  1.  1760.
 7  1.  1760.
 8  1.  1760.
 9  1.  1760.
 10  1.  1760.
 11  1.  1760.
 12  1.  1760.
  30.0000019 * RELATIVE HUMIDITY *
 Bin Number, Radius Ratio, Final Density
 1  1.  1760.
 2  1.  1760.
 3  1.  1760.
 4  1.  1760.
 5  1.  1760.
 6  1.  1760.
 7  1.  1760.
 8  1.  1760.
 9  1.  1760.
 10  1.  1760.
 11  1.  1760.
 12  1.  1760.
  40. * RELATIVE HUMIDITY *
 Bin Number, Radius Ratio, Final Density
 1  1.00841105  1741.14087
 2  1.00934243  1739.09106
 3  1.00983548  1738.00916
 4  1.01008964  1737.45227
 5  1.01021874  1737.16931
 6  1.01028395  1737.02686
 7  1.01031661  1736.9552
 8  1.01033294  1736.91956
 9  1.01034129  1736.90137
 10  1.01034522  1736.89246
 11  1.01034737  1736.88782
 12  1.01034832  1736.88574
  50. * RELATIVE HUMIDITY *
 Bin Number, Radius Ratio, Final Density
 1  1.05084515  1654.93384
 2  1.05629969  1644.84009
 3  1.05919886  1639.55969
 4  1.06069827  1636.85132
 5  1.06146193  1635.47766
 6  1.06184757  1634.78564
 7  1.06204128  1634.43823
 8  1.06213856  1634.26416
 9  1.06218719  1634.17688
 10  1.06221139  1634.13342
 11  1.06222367  1634.11157
 12  1.06222975  1634.10059
  60.0000038 * RELATIVE HUMIDITY *
 Bin Number, Radius Ratio, Final Density
 1  1.11907184  1542.30017
 2  1.1320858  1523.81226
 3  1.13907838  1514.22461
 4  1.14271951  1509.32458
 5  1.14458191  1506.84229
 6  1.1455245  1505.59229
 7  1.14599884  1504.96472
 8  1.14623678  1504.65027
 9  1.14635611  1504.4928
 10  1.14641571  1504.41394
 11  1.14644563  1504.37476
 12  1.14646053  1504.35498
  70. * RELATIVE HUMIDITY *
 Bin Number, Radius Ratio, Final Density
 1  1.22100043  1417.50916
 2  1.24709547  1391.84509
 3  1.26140916  1378.65674
 4  1.26895666  1371.94031
 5  1.27284575  1368.5415
 6  1.27482259  1366.82959
 7  1.27581954  1365.97021
 8  1.27632046  1365.53955
 9  1.27657127  1365.3241
 10  1.27669704  1365.21606
 11  1.27675998  1365.16223
 12  1.27679133  1365.13525
  80. * RELATIVE HUMIDITY *
 Bin Number, Radius Ratio, Final Density
 1  1.3731457  1293.5376
 2  1.42516482  1262.55383
 3  1.45490825  1246.77808
 4  1.47098017  1238.77734
 5  1.47938359  1234.73145
 6  1.48369098  1232.69287
 7  1.48587346  1231.66919
 8  1.48697245  1231.15576
 9  1.48752391  1230.89893
 10  1.4878  1230.77026
 11  1.48793828  1230.70605
 12  1.48800743  1230.67383
  90. * RELATIVE HUMIDITY *
 Bin Number, Radius Ratio, Final Density
 1  1.50257051  1224.03149
 2  1.60237956  1184.72144
 3  1.66581953  1164.41064
 4  1.70215309  1154.10535
 5  1.72180748  1148.88806
 6  1.73208559  1146.2533
 7  1.73735273  1144.92712
 8  1.74002123  1144.26135
 9  1.74136448  1143.92773
 10  1.74203837  1143.76074
 11  1.74237597  1143.67725
 12  1.74254501  1143.6355
  95. * RELATIVE HUMIDITY *
 Bin Number, Radius Ratio, Final Density
 1  1.60828495  1182.69409
 2  1.78052938  1134.63757
 3  1.91167665  1108.7854
 4  1.99349546  1095.93298
 5  2.04004192  1089.51514
 6  2.06519794  1086.28369
 7  2.07834625  1084.65637
 8  2.08507967  1083.83887
 9  2.08849001  1083.42883
 10  2.09020615  1083.22351
 11  2.09106731  1083.12073
 12  2.09149909  1083.06934
  98. * RELATIVE HUMIDITY *
 Bin Number, Radius Ratio, Final Density
 1  1.70378399  1153.66321
 2  2.0004797  1094.93164
 3  2.29973388  1062.48572
 4  2.52296424  1047.32385
 5  2.65709186  1040.51294
 6  2.73107576  1037.30884
 7  2.77028298  1035.74707
 8  2.79055953  1034.97351
 9  2.80089164  1034.58789
 10  2.80610847  1034.39539
 11  2.80873418  1034.29907
 12  2.81004524  1034.25098
  99. * RELATIVE HUMIDITY *
 Bin Number, Radius Ratio, Final Density
 1  1.7519629  1141.33142
 2  2.13535786  1078.05518
 3  2.59891152  1043.29517
 4  2.99610949  1028.25793
 5  3.25732112  1021.99036
 6  3.4071672  1019.21466
 7  3.48741317  1017.91858
 8  3.52893424  1017.29352
 9  3.5500524  1016.98669
 10  3.56070256  1016.83472
 11  3.56604981  1016.75916
 12  3.5687294  1016.72137
