tau_inf	H1
0.001	6.65
0.002	6.61
0.003	6.57
0.004	6.52
0.005	6.48
0.006	6.44
0.007	6.40
0.008	6.36
0.009	6.32
0.010	6.28
0.011	6.23
0.012	6.19
0.013	6.15
0.014	6.11
0.015	6.07
0.016	6.03
0.017	5.99
0.018	5.95
0.019	5.91
0.020	5.87
0.021	5.83
0.022	5.79
0.023	5.75
0.024	5.71
0.025	5.67
0.027	5.63
0.028	5.59
0.029	5.56
0.030	5.52
0.031	5.48
0.032	5.44
0.033	5.40
0.034	5.36
0.035	5.32
0.036	5.28
0.037	5.25
0.038	5.21
0.039	5.17
0.040	5.13
0.041	5.09
0.042	5.06
0.043	5.02
0.044	4.98
0.045	4.94
0.046	4.91
0.047	4.87
0.048	4.83
0.049	4.79
0.050	4.76
0.051	4.72
0.052	4.68
0.053	4.65
0.054	4.61
0.055	4.57
0.056	4.54
0.057	4.50
0.058	4.46
0.059	4.43
0.060	4.39
0.061	4.35
0.062	4.32
0.063	4.28
0.064	4.24
0.065	4.21
0.066	4.17
0.067	4.14
0.068	4.10
0.069	4.07
0.070	4.03
0.071	3.99
0.072	3.96
0.073	3.92
0.074	3.89
0.075	3.85
0.076	3.82
0.077	3.78
0.078   3.76
0.079	3.74
0.080	3.71
0.081	3.67
0.082	3.64
0.083	3.60
0.084	3.57
0.085	3.53
0.086	3.50
0.087	3.46
0.088	3.43
0.089	3.39
0.090	3.36
0.091	3.32
0.092	3.29
0.093	3.26
0.094	3.22
0.095	3.19
0.096	3.15
0.097	3.12
0.098	3.08
0.099	3.05
0.100	3.02
0.101	2.98
0.102	2.95
0.103	2.91
0.104	2.88
0.105	2.85
0.106	2.81
0.107	2.78
0.108	2.75
0.109	2.72
0.110	2.68
0.111	2.65
0.112	2.62
0.113	2.59
0.114	2.56
0.115	2.52
0.116	2.49
0.117	2.46
0.118	2.43
0.119	2.40
0.120	2.38
0.121	2.35
0.122	2.32
0.123	2.29
0.124	2.26
0.125	2.24
0.126	2.21
0.127	2.18
0.128	2.16
0.129	2.13
0.130   2.12
0.131	2.11
0.132	2.09
0.133	2.06
0.134	2.04
0.135	2.02
0.136	2.00
0.137	1.98
0.138	1.96
0.139	1.94
0.140	1.92
0.141	1.90
0.142	1.88
0.143	1.87
0.144	1.85
0.145	1.83
0.146	1.82
0.147	1.80
0.148	1.79
0.149	1.77
0.150	1.76
0.151	1.75
0.152	1.73
0.153	1.72
0.154	1.71
0.155	1.70
0.156	1.68
0.157	1.67
0.158	1.66
0.159	1.65
0.160	1.64
0.161	1.63
0.162	1.62
0.163	1.61
0.164	1.60
0.165	1.59
0.166	1.58
0.167	1.57
0.168	1.57
0.169	1.56
0.170	1.55
0.171	1.54
0.172	1.53
0.173	1.53
0.174	1.52
0.175	1.51
0.176	1.50
0.177	1.50
0.178	1.49
0.179	1.48
0.180	1.48
0.181	1.47
0.182   1.47
0.183	1.47
0.184	1.46
0.185	1.45
0.186	1.45
0.187	1.44
0.188	1.44
0.189	1.43
0.190	1.43
0.191	1.42
0.192	1.42
0.193	1.41
0.194	1.41
0.195	1.40
0.196	1.40
0.197	1.39
0.198	1.39
0.199	1.38
0.200	1.38
0.201	1.38
0.202	1.37
0.203	1.37
0.204	1.36
0.205	1.36
0.206	1.35
0.207	1.35
0.208	1.35
0.209	1.34
0.210	1.34
0.211	1.34
0.212	1.33
0.213	1.33
0.214	1.33
0.215	1.32
0.216	1.32
0.217	1.32
0.218	1.31
0.219	1.31
0.220	1.31
0.221	1.30
0.222	1.30
0.223	1.30
0.224	1.29
0.225	1.29
0.226	1.29
0.227	1.29
0.228	1.28
0.229	1.28
0.230	1.28
0.231	1.28
0.232	1.27
0.233	1.27
0.234	1.27
0.235	1.27
0.236	1.26
0.237	1.26
0.238	1.26
0.239	1.26
0.240	1.25
0.241	1.25
0.242	1.25
0.243	1.25
0.244	1.25
0.245	1.24
0.246	1.24
0.247	1.24
0.248	1.24
0.249	1.24
0.250	1.23
0.251	1.23
0.252	1.23
0.253	1.23
0.254	1.23
0.255	1.22
0.256	1.22
0.257	1.22
0.258	1.22
0.259	1.22
0.260	1.21
0.261	1.21
0.262	1.21
0.263	1.21
0.264	1.21
0.265	1.20
0.266	1.20
0.267	1.20
0.268	1.20
0.269	1.20
0.270	1.20
0.271	1.19
0.272	1.19
0.273	1.19
0.274	1.19
0.275	1.19
0.276	1.19
0.277	1.19
0.278	1.18
0.279	1.18
0.280	1.18
0.281	1.18
0.282	1.18
0.283	1.18
0.284	1.18
0.285   1.18
0.286	1.17
0.287	1.17
0.288	1.17
0.289	1.17
0.290	1.17
0.291	1.17
0.292	1.17
0.293	1.16
0.294	1.16
0.295	1.16
0.296	1.16
0.297	1.16
0.298	1.16
0.299	1.16
0.300	1.15
0.301	1.15
0.302	1.15
0.303	1.15
0.304	1.15
0.305	1.15
0.306	1.15
0.307	1.15
0.308	1.15
0.309	1.14
0.310	1.14
0.311	1.14
0.312	1.14
0.313	1.14
0.314	1.14
0.315	1.14
0.316	1.14
0.317	1.14
0.318	1.14
0.319	1.13
0.320	1.13
0.321	1.13
0.322	1.13
0.323	1.13
0.324	1.13
0.325	1.13
0.326	1.13
0.327	1.13
0.328	1.13
0.329	1.13
0.330	1.12
0.331	1.12
0.332	1.12
0.333	1.12
0.334	1.12
0.335	1.12
0.336	1.12
0.337	1.12
0.338	1.12
0.339	1.12
0.340	1.12
0.341	1.11
0.342	1.11
0.343	1.11
0.344	1.11
0.345	1.11
0.346	1.11
0.347	1.11
0.348	1.11
0.349	1.11
0.350	1.11
0.351	1.10
0.352	1.10
0.353	1.10
0.354	1.10
0.355	1.10
0.356	1.10
0.357	1.10
0.358	1.10
0.359	1.10
0.360	1.10
0.361	1.10
0.362	1.10
0.363	1.10
0.364	1.10
0.365	1.09
0.366	1.09
0.367	1.09
0.368	1.09
0.369	1.09
0.370	1.09
0.371	1.09
0.372	1.09
0.373	1.09
0.374	1.09
0.375	1.09
0.376	1.09
0.377	1.09
0.378	1.09
0.379	1.09
0.380	1.09
0.381	1.09
0.382	1.08
0.383	1.08
0.384	1.08
0.385	1.08
0.386	1.08
0.387	1.08
0.388	1.08
0.289   1.08
0.390	1.08
0.391	1.08
0.392	1.08
0.393	1.08
0.394	1.08
0.395	1.08
0.396	1.08
0.397	1.08
0.398	1.08
0.399	1.08
0.400	1.07
0.401	1.07
0.402	1.07
0.403	1.07
0.404	1.07
0.405	1.07
0.406	1.07
0.407	1.07
0.408	1.07
0.409	1.07
0.410	1.07
0.411	1.07
0.412	1.07
0.413	1.07
0.414	1.07
0.415	1.07
0.416	1.06
0.417	1.06
0.418	1.06
0.419	1.06
0.420	1.06
0.421	1.06
0.422	1.06
0.423	1.06
0.424	1.06
0.425	1.06
0.426	1.06
0.427	1.06
0.428	1.06
0.429	1.06
0.430	1.06
0.431	1.06
0.432	1.06
0.433	1.05
0.434	1.05
0.435	1.05
0.436	1.05
0.437	1.05
0.438	1.05
0.439	1.05
0.440	1.05
0.441	1.05
0.442	1.05
0.443	1.05
0.444	1.05
0.445	1.05
0.446	1.05
0.447	1.05
0.448	1.05
0.449	1.05
0.450	1.05
0.451	1.05
0.452	1.05
0.453	1.05
0.454	1.05
0.455	1.05
0.456	1.05
0.457	1.05
0.458	1.05
0.459	1.04
0.460	1.04
0.461	1.04
0.462	1.04
0.463	1.04
0.464	1.04
0.465	1.04
0.466	1.04
0.467	1.04
0.468	1.04
0.469	1.04
0.470	1.04
0.471	1.04
0.472	1.04
0.473	1.04
0.474	1.04
0.475	1.04
0.476	1.04
0.477	1.04
0.478	1.04
0.479	1.04
0.480	1.04
0.481	1.04
0.482	1.04
0.483	1.04
0.484	1.04
0.485	1.04
0.486	1.04
0.487	1.04
0.488	1.04
0.489	1.04
0.490	1.03
0.491	1.03
0.492	1.03
0.493	1.03
0.494	1.03
0.495	1.03
0.496	1.03
0.497	1.03
0.498	1.03
0.499	1.03
0.500	1.03
0.501	1.03
0.502	1.03
0.503	1.03
0.504	1.03
0.505	1.03
0.506	1.03
0.507	1.03
0.508	1.03
0.509	1.03
0.510	1.03
0.511	1.03
0.512	1.03
0.513	1.03
0.514	1.03
0.515	1.03
0.516	1.03
0.517	1.03
0.518	1.03
0.519	1.03
0.520	1.03
0.521	1.03
0.522	1.03
0.523	1.02
0.524	1.02
0.525	1.02
0.526	1.02
0.527	1.02
0.528	1.02
0.529	1.02
0.530	1.02
0.531	1.02
0.532	1.02
0.533	1.02
0.534	1.02
0.535	1.02
0.536	1.02
0.537	1.02
0.538	1.02
0.539	1.02
0.540	1.02
0.541	1.02
0.542	1.02
0.543	1.02
0.544	1.02
0.545	1.02
0.546	1.02
0.547	1.02
0.548	1.02
0.549	1.02
0.550	1.02
0.551	1.02
0.552	1.02
0.553	1.02
0.554	1.02
0.555	1.02
0.556	1.01
0.557	1.01
0.558	1.01
0.559	1.01
0.560	1.01
0.561	1.01
0.562	1.01
0.563	1.01
0.564	1.01
0.565	1.01
0.566	1.01
0.567	1.01
0.568	1.01
0.569	1.01
0.570	1.01
0.571	1.01
0.572	1.01
0.573	1.01
0.574	1.01
0.575	1.01
0.576	1.01
0.577	1.01
0.578	1.01
0.579	1.01
0.580	1.01
0.581	1.01
0.582	1.01
0.583	1.01
0.584	1.01
0.585	1.01
0.586	1.01
0.587	1.01
0.588	1.00
0.589	1.00
0.590	1.00
0.591	1.00
0.592	1.00
0.593	1.00
0.594	1.00
0.595	1.00
0.596	1.00
0.597	1.00
0.598	1.00
0.599	1.00
0.600	1.00
0.601	1.00
0.602	1.00
0.603	1.00
0.604	1.00
0.605	1.00
0.606	1.00
0.607	1.00
0.608	1.00
0.609	1.00
0.610	1.00
0.611	1.00
0.612	1.00
0.613	1.00
0.614	1.00
0.615	1.00
0.616	1.00
0.617	1.00
0.618	1.00
0.619	1.00
0.620	1.00
0.621	1.00
0.622	1.00
0.623	1.00
0.624	1.00
0.625	1.00
0.626	1.00
0.627	1.00
0.628	1.00
0.629	1.00
0.630	1.00
0.631	1.00
0.632	1.00
0.633	1.00
0.634	1.00
0.635	1.00
0.636	1.00
0.637	1.00
0.638	1.00
0.639	1.00
0.640	1.00
0.641	1.00
0.642	1.00
0.643	1.00
0.644	1.00
0.645	0.99
0.646	0.99
0.647	0.99
0.648	0.99
0.649	0.99
0.650	0.99
0.651	0.99
0.652	0.99
0.653	0.99
0.654	0.99
0.655	0.99
0.656	0.99
0.657	0.99
0.658	0.99
0.659	0.99
0.660	0.99
0.661	0.99
0.662	0.99
0.663	0.99
0.664	0.99
0.665	0.99
0.666	0.99
0.667	0.99
0.668	0.99
0.669	0.99
0.670	0.99
0.671	0.99
0.672	0.99
0.673	0.99
0.674	0.99
0.675	0.99
0.676	0.99
0.677	0.99
0.678	0.99
0.679	0.99
0.680	0.99
0.681	0.99
0.682	0.99
0.683	0.99
0.684	0.99
0.685	0.99
0.686	0.99
0.687	0.99
0.688	0.99
0.689	0.99
0.690	0.99
0.691	0.99
0.692	0.99
0.693	0.99
0.694	0.99
0.695	0.99
0.696	0.99
0.697	0.99
0.698	0.99
0.699	0.99
0.700   0.99
0.701	0.99
0.702	0.99
0.703	0.99
0.704	0.99
0.705	0.99
0.706	0.99
0.707	0.99
0.708	0.99
0.709	0.99
0.710	0.99
0.711	0.99
0.712	0.99
0.713	0.99
0.714	0.99
0.715	0.99
0.716	0.99
0.717	0.99
0.718	0.99
0.719	0.99
0.720	0.99
0.721	0.99
0.722	0.99
0.723	0.99
0.724	0.99
0.725	0.99
0.726	0.99
0.727	0.99
0.728	0.99
0.729	0.98
0.730	0.98
0.731	0.98
0.732	0.98
0.733	0.98
0.734	0.98
0.735	0.98
0.736	0.98
0.737	0.98
0.738	0.98
0.739	0.98
0.740	0.98
0.741	0.98
0.742	0.98
0.743	0.98
0.744	0.98
0.745	0.98
0.746	0.98
0.747	0.98
0.748	0.98
0.749	0.98
0.750	0.98
0.751	0.98
0.752	0.98
0.753	0.98
0.754	0.98
0.755	0.98
0.756	0.98
0.757	0.98
0.758	0.98
0.759	0.98
0.760	0.98
0.761	0.98
0.762	0.98
0.763	0.98
0.764	0.98
0.765	0.98
0.766	0.98
0.767	0.98
0.768	0.98
0.769	0.98
0.770	0.98
0.771	0.98
0.772	0.98
0.773	0.98
0.774	0.98
0.775	0.98
0.776	0.98
0.777	0.98
0.778	0.98
0.779	0.98
0.780	0.98
0.781	0.98
0.782	0.98
0.783	0.98
0.784	0.98
0.785	0.98
0.786	0.98
0.787	0.98
0.788	0.98
0.789	0.98
0.790	0.98
0.791	0.98
0.792	0.98
0.793	0.98
0.794	0.98
0.795	0.98
0.796	0.98
0.797	0.98
0.798	0.98
0.799	0.98
0.800	0.98
0.801	0.98
0.802	0.98
0.803	0.98
0.804	0.98
0.805	0.98
0.806	0.98
0.807	0.98
0.808	0.98
0.809	0.98
0.810	0.98
0.811	0.98
0.812	0.97
0.813	0.97
0.814	0.97
0.815	0.97
0.816	0.97
0.817	0.97
0.818	0.97
0.819	0.97
0.820	0.97
0.821	0.97
0.822	0.97
0.823	0.97
0.824	0.97
0.825	0.97
0.826	0.97
0.827	0.97
0.828	0.97
0.829	0.97
0.830	0.97
0.831	0.97
0.832	0.97
0.833	0.97
0.834	0.97
0.835	0.97
0.836	0.97
0.837	0.97
0.838	0.97
0.839	0.97
0.840	0.97
0.841	0.97
0.842	0.97
0.843	0.97
0.844	0.97
0.845	0.97
0.846	0.97
0.847	0.97
0.848	0.97
0.849	0.97
0.850	0.97
0.851	0.97
0.852	0.97
0.853	0.97
0.854	0.97
0.855	0.97
0.856	0.97
0.857	0.97
0.858	0.97
0.859	0.97
0.860	0.97
0.861	0.97
0.862	0.97
0.863	0.97
0.864	0.97
0.865	0.97
0.866	0.97
0.867	0.97
0.868	0.97
0.869	0.97
0.870	0.97
0.871	0.97
0.872	0.97
0.873	0.97
0.874	0.97
0.875	0.97
0.876	0.97
0.877	0.97
0.878	0.97
0.879	0.97
0.880	0.97
0.881	0.97
0.882	0.97
0.883	0.97
0.884	0.97
0.885	0.97
0.886	0.97
0.887	0.97
0.888	0.97
0.889	0.97
0.890	0.97
0.891	0.97
0.892	0.97
0.893	0.97
0.894	0.97
0.895	0.96
0.896	0.96
0.897	0.96
0.898	0.96
0.899	0.96
0.900	0.96
0.901	0.96
0.902	0.96
0.903	0.96
0.904	0.96
0.905	0.96
0.906	0.96
0.907	0.96
0.908	0.96
0.909	0.96
0.910	0.96
0.911	0.96
0.912	0.96
0.913	0.96
0.914	0.96
0.915	0.96
0.916	0.96
0.917	0.96
0.918	0.96
0.919	0.96
0.920	0.96
0.921	0.96
0.922	0.96
0.923	0.96
0.924	0.96
0.925	0.96
0.926	0.96
0.927	0.96
0.928	0.96
0.929	0.96
0.930	0.96
0.931	0.96
0.932	0.96
0.933	0.96
0.934	0.96
0.935	0.96
0.936	0.96
0.937	0.96
0.938	0.96
0.939	0.96
0.940	0.96
0.941	0.96
0.942	0.96
0.943	0.96
0.944	0.96
0.945	0.96
0.946	0.96
0.947	0.96
0.948	0.96
0.949	0.96
0.950	0.96
0.951	0.96
0.952	0.96
0.953	0.96
0.954	0.96
0.955	0.96
0.956	0.96
0.957	0.96
0.958	0.96
0.959	0.96
0.960	0.96
0.961	0.96
0.962	0.96
0.963	0.96
0.964	0.96
0.965	0.96
0.966	0.96
0.967	0.96
0.968	0.96
0.969	0.96
0.970	0.96
0.971	0.96
0.972	0.96
0.973	0.96
0.974	0.96
0.975	0.96
0.976	0.96
0.977	0.96
0.978	0.96
0.979	0.95
0.980	0.95
0.981	0.95
0.982	0.95
0.983	0.95
0.984	0.95
0.985	0.95
0.986	0.95
0.987	0.95
0.988	0.95
0.989	0.95
0.990	0.95
0.991	0.95
0.992	0.95
0.993	0.95
0.994	0.95
0.995	0.95
0.996	0.95
0.997	0.95
0.998	0.95
0.999	0.95
1.000	0.95
1.001	0.95
1.002	0.95
1.003	0.95
1.004	0.95
1.005	0.95
1.006	0.95
1.007	0.95
1.008	0.95
1.009	0.95
1.010	0.95
1.011	0.95
1.012	0.95
1.013	0.95
1.014	0.95
1.015	0.95
1.016	0.95
1.017	0.95
1.018	0.95
1.019	0.95
1.020	0.95
