 96
  2.  8.5 2.55
  2.  9. 2.55
  2.  9.5 2.55
  2.  10. 2.55
  2.  10.5 2.55
  2.  11. 2.55
  2.  11.5 2.55
  2.  12. 2.55
  2.  12.5 2.55
  2.  13. 2.55
  2.  13.5 2.55
  2.  14. 2.55
  2.  14.5 2.55
  2.  15. 2.55
  2.  15.5 2.55
  2.  16. 2.55
  10.  8.5 2.55
  10.  9. 2.55
  10.  9.5 2.55
  10.  10. 2.55
  10.  10.5 2.55
  10.  11. 2.55
  10.  11.5 2.55
  10.  12. 2.55
  10.  12.5 2.55
  10.  13. 2.55
  10.  13.5 2.55
  10.  14. 2.55
  10.  14.5 2.55
  10.  15. 2.55
  10.  15.5 2.55
  10.  16. 2.55
  2.5  16. 2.55
  3.  16. 2.55
  3.5  16. 2.55
  4.  16. 2.55
  4.5  16. 2.55
  5.  16. 2.55
  5.5  16. 2.55
  6.  16. 2.55
  6.5  16. 2.55
  7.  16. 2.55
  7.5  16. 2.55
  8.  16. 2.55
  8.5  16. 2.55
  9.  16. 2.55
  9.5  16. 2.55
  10.  16. 2.55
  9.5  8. 2.55
  9.  8. 2.55
  8.5  8. 2.55
  8.  8. 2.55
  7.5  8. 2.55
  7.  8. 2.55
  6.5  8. 2.55
  6.  8. 2.55
  5.5  8. 2.55
  5.  8. 2.55
  4.5  8. 2.55
  4.  8. 2.55
  3.5  8. 2.55
  3.  8. 2.55
  2.5  8. 2.55
  2.  8. 2.55
  6.  8.5 2.55
  6.  9. 2.55
  6.  9.5 2.55
  6.  10. 2.55
  6.  10.5 2.55
  6.  11. 2.55
  6.  11.5 2.55
  6.  12. 2.55
  6.  12.5 2.55
  6.  13. 2.55
  6.  13.5 2.55
  6.  14. 2.55
  6.  14.5 2.55
  6.  15. 2.55
  6.  15.5 2.55
  6.  16. 2.55
  9.5  12. 2.55
  9.  12. 2.55
  8.5  12. 2.55
  8.  12. 2.55
  7.5  12. 2.55
  7.  12. 2.55
  6.5  12. 2.55
  6.  12. 2.55
  5.5  12. 2.55
  5.  12. 2.55
  4.5  12. 2.55
  4.  12. 2.55
  3.5  12. 2.55
  3.  12. 2.55
  2.5  12. 2.55
  2.  12. 2.55
