 3-d aerosol emission file for AODSEM
 Units of   10000. part/m^3/day
 12 0 0 2 1 2000 Starting Date (hh mm ss jj mm yyyy)
 12  Number of size bins
 1  0.00499999989  0.00999999978
 2  0.00999999978  0.0199999996
 3  0.0199999996  0.0399999991
 4  0.0399999991  0.0799999982
 5  0.0799999982  0.159999996
 6  0.159999996  0.319999993
 7  0.319999993  0.639999986
 8  0.639999986  1.27999997
 9  1.27999997  2.55999994
 10  2.55999994  5.11999989
 11  5.11999989  10.2399998
 12  10.2399998  20.4799995
 6  Number of X cells
  0.5  Size of X cell
 12  Number of Y cells
  0.5  Size of Y cell
 2  Number of Z cells
  165.
  180.
  33.  267.  0.  X0, Y0, Z0
 5  Number of aerosol types
 SULFATE                                                     
 BLACKCARBON                                                 
 SOILDUST                                                    
 SEASALT                                                     
 OMCARBON                                                    
 DATA
# AEROSOL TYPE: SULFATE   SIZE BIN:  1 VERTICAL LEVEL:  1
 0 0 0 0 0 0 0 0 0 0 0 0 0 0 0 0 0 0 0 0 0 0 0 0 0 0 0 0 0 0 0 0 0 0 0 0 0 0 0 0
 0 0 0 0 0 0 0 0 0 0 0 0 0 0 0 0 0 0 0 0 0 0 0 0 0 0 0 0 0 0 0 0
# AEROSOL TYPE: SULFATE   SIZE BIN:  1 VERTICAL LEVEL:  2
 0 0 0 0 0 0 0 0 0 0 0 0 0 0 0 0 0 0 0 0 0 0 0 0 0 0 0 0 0 0 0 0 0 0 0 0 0 0 0 0
 0 0 0 0 0 0 0 0 0 0 0 0 0 0 0 0 0 0 0 0 0 0 0 0 0 0 0 0 0 0 0 0
# AEROSOL TYPE: SULFATE   SIZE BIN:  2 VERTICAL LEVEL:  1
 0 0 0 0 0 0 0 0 0 0 0 0 0 0 0 0 0 0 0 0 0 0 0 0 0 0 0 0 0 0 0 0 0 0 0 0 0 0 0 0
 0 0 0 0 0 0 0 0 0 0 0 0 0 0 0 0 0 0 0 0 0 0 0 0 0 0 0 0 0 0 0 0
# AEROSOL TYPE: SULFATE   SIZE BIN:  2 VERTICAL LEVEL:  2
 0 0 0 0 0 0 0 0 0 0 0 0 0 0 0 0 0 0 0 0 0 0 0 0 0 0 0 0 0 0 0 0 0 0 0 0 0 0 0 0
 0 0 0 0 0 0 0 0 0 0 0 0 0 0 0 0 0 0 0 0 0 0 0 0 0 0 0 0 0 0 0 0
# AEROSOL TYPE: SULFATE   SIZE BIN:  3 VERTICAL LEVEL:  1
 1 1 0 0 3 3 5 5 2 2 4 4 1 1 0 0 3 3 4 4 2 2 4 4 2 2 0 0 0 0 0 0 1 1 2 2 2 2 0 0
 0 0 0 0 1 1 2 2 2 2 1 1 0 0 0 0 1 1 2 2 2 2 1 1 0 0 0 0 1 1 2 2
# AEROSOL TYPE: SULFATE   SIZE BIN:  3 VERTICAL LEVEL:  2
 0 0 13 13 28 28 1 1 1 1 0 0 0 0 13 13 28 28 1 1 1 1 0 0 5 5 1 1 0 0 0 0 0 0 52
 52 5 5 1 1 0 0 0 0 0 0 51 51 1 1 1 1 0 0 0 0 2 2 32 32 1 1 1 1 0 0 0 0 2 2 32
 32
# AEROSOL TYPE: SULFATE   SIZE BIN:  4 VERTICAL LEVEL:  1
 50 50 36 36 200 200 336 336 112 112 317 317 50 50 35 35 199 199 334 334 112 112
 315 315 166 166 26 26 33 33 33 33 56 56 125 125 165 165 26 26 33 33 33 33 55 55
 124 124 164 164 73 73 29 29 26 26 39 39 138 138 163 163 73 73 29 29 26 26 39 39
 137 137
# AEROSOL TYPE: SULFATE   SIZE BIN:  4 VERTICAL LEVEL:  2
 0 0 973 973 2057 2057 103 103 87 87 1 1 0 0 967 967 2044 2044 102 102 86 86 1 1
 341 341 51 51 0 0 0 0 0 0 3828 3828 339 339 51 51 0 0 0 0 0 0 3805 3805 40 40
 60 60 24 24 0 0 179 179 2387 2387 40 40 60 60 24 24 0 0 178 178 2373 2373
# AEROSOL TYPE: SULFATE   SIZE BIN:  5 VERTICAL LEVEL:  1
 201 201 142 142 800 800 1342 1342 450 450 1267 1267 200 200 141 141 795 795
 1334 1334 447 447 1259 1259 665 665 105 105 133 133 133 133 223 223 498 498 661
 661 105 105 132 132 132 132 221 221 495 495 657 657 293 293 117 117 104 104 156
 156 553 553 653 653 292 292 116 116 103 103 155 155 549 549
# AEROSOL TYPE: SULFATE   SIZE BIN:  5 VERTICAL LEVEL:  2
 0 0 3891 3891 8224 8224 412 412 347 347 3 3 0 0 3867 3867 8173 8173 410 410 345
 345 3 3 1364 1364 204 204 1 1 0 0 0 0 15301 15301 1356 1356 203 203 1 1 0 0 0 0
 15209 15209 160 160 240 240 95 95 0 0 715 715 9540 9540 159 159 238 238 95 95 0
 0 711 711 9485 9485
# AEROSOL TYPE: SULFATE   SIZE BIN:  6 VERTICAL LEVEL:  1
 43 43 31 31 172 172 289 289 97 97 273 273 43 43 30 30 171 171 287 287 96 96 271
 271 143 143 23 23 29 29 29 29 48 48 107 107 142 142 23 23 28 28 28 28 48 48 107
 107 141 141 63 63 25 25 22 22 33 33 119 119 140 140 63 63 25 25 22 22 33 33 118
 118
# AEROSOL TYPE: SULFATE   SIZE BIN:  6 VERTICAL LEVEL:  2
 0 0 837 837 1769 1769 89 89 75 75 1 1 0 0 832 832 1758 1758 88 88 74 74 1 1 293
 293 44 44 0 0 0 0 0 0 3291 3291 292 292 44 44 0 0 0 0 0 0 3271 3271 34 34 52 52
 21 21 0 0 154 154 2052 2052 34 34 51 51 20 20 0 0 153 153 2040 2040
# AEROSOL TYPE: SULFATE   SIZE BIN:  7 VERTICAL LEVEL:  1
 0 0 0 0 2 2 3 3 1 1 3 3 0 0 0 0 2 2 3 3 1 1 3 3 2 2 0 0 0 0 0 0 1 1 1 1 2 2 0 0
 0 0 0 0 1 1 1 1 2 2 1 1 0 0 0 0 0 0 1 1 2 2 1 1 0 0 0 0 0 0 1 1
# AEROSOL TYPE: SULFATE   SIZE BIN:  7 VERTICAL LEVEL:  2
 0 0 10 10 20 20 1 1 1 1 0 0 0 0 10 10 20 20 1 1 1 1 0 0 3 3 1 1 0 0 0 0 0 0 38
 38 3 3 1 1 0 0 0 0 0 0 38 38 0 0 1 1 0 0 0 0 2 2 24 24 0 0 1 1 0 0 0 0 2 2 24
 24
# AEROSOL TYPE: SULFATE   SIZE BIN:  8 VERTICAL LEVEL:  1
 0 0 0 0 0 0 0 0 0 0 0 0 0 0 0 0 0 0 0 0 0 0 0 0 0 0 0 0 0 0 0 0 0 0 0 0 0 0 0 0
 0 0 0 0 0 0 0 0 0 0 0 0 0 0 0 0 0 0 0 0 0 0 0 0 0 0 0 0 0 0 0 0
# AEROSOL TYPE: SULFATE   SIZE BIN:  8 VERTICAL LEVEL:  2
 0 0 0 0 0 0 0 0 0 0 0 0 0 0 0 0 0 0 0 0 0 0 0 0 0 0 0 0 0 0 0 0 0 0 0 0 0 0 0 0
 0 0 0 0 0 0 0 0 0 0 0 0 0 0 0 0 0 0 0 0 0 0 0 0 0 0 0 0 0 0 0 0
# AEROSOL TYPE: SULFATE   SIZE BIN:  9 VERTICAL LEVEL:  1
 0 0 0 0 0 0 0 0 0 0 0 0 0 0 0 0 0 0 0 0 0 0 0 0 0 0 0 0 0 0 0 0 0 0 0 0 0 0 0 0
 0 0 0 0 0 0 0 0 0 0 0 0 0 0 0 0 0 0 0 0 0 0 0 0 0 0 0 0 0 0 0 0
# AEROSOL TYPE: SULFATE   SIZE BIN:  9 VERTICAL LEVEL:  2
 0 0 0 0 0 0 0 0 0 0 0 0 0 0 0 0 0 0 0 0 0 0 0 0 0 0 0 0 0 0 0 0 0 0 0 0 0 0 0 0
 0 0 0 0 0 0 0 0 0 0 0 0 0 0 0 0 0 0 0 0 0 0 0 0 0 0 0 0 0 0 0 0
# AEROSOL TYPE: SULFATE   SIZE BIN: 10 VERTICAL LEVEL:  1
 0 0 0 0 0 0 0 0 0 0 0 0 0 0 0 0 0 0 0 0 0 0 0 0 0 0 0 0 0 0 0 0 0 0 0 0 0 0 0 0
 0 0 0 0 0 0 0 0 0 0 0 0 0 0 0 0 0 0 0 0 0 0 0 0 0 0 0 0 0 0 0 0
# AEROSOL TYPE: SULFATE   SIZE BIN: 10 VERTICAL LEVEL:  2
 0 0 0 0 0 0 0 0 0 0 0 0 0 0 0 0 0 0 0 0 0 0 0 0 0 0 0 0 0 0 0 0 0 0 0 0 0 0 0 0
 0 0 0 0 0 0 0 0 0 0 0 0 0 0 0 0 0 0 0 0 0 0 0 0 0 0 0 0 0 0 0 0
# AEROSOL TYPE: SULFATE   SIZE BIN: 11 VERTICAL LEVEL:  1
 0 0 0 0 0 0 0 0 0 0 0 0 0 0 0 0 0 0 0 0 0 0 0 0 0 0 0 0 0 0 0 0 0 0 0 0 0 0 0 0
 0 0 0 0 0 0 0 0 0 0 0 0 0 0 0 0 0 0 0 0 0 0 0 0 0 0 0 0 0 0 0 0
# AEROSOL TYPE: SULFATE   SIZE BIN: 11 VERTICAL LEVEL:  2
 0 0 0 0 0 0 0 0 0 0 0 0 0 0 0 0 0 0 0 0 0 0 0 0 0 0 0 0 0 0 0 0 0 0 0 0 0 0 0 0
 0 0 0 0 0 0 0 0 0 0 0 0 0 0 0 0 0 0 0 0 0 0 0 0 0 0 0 0 0 0 0 0
# AEROSOL TYPE: SULFATE   SIZE BIN: 12 VERTICAL LEVEL:  1
 0 0 0 0 0 0 0 0 0 0 0 0 0 0 0 0 0 0 0 0 0 0 0 0 0 0 0 0 0 0 0 0 0 0 0 0 0 0 0 0
 0 0 0 0 0 0 0 0 0 0 0 0 0 0 0 0 0 0 0 0 0 0 0 0 0 0 0 0 0 0 0 0
# AEROSOL TYPE: SULFATE   SIZE BIN: 12 VERTICAL LEVEL:  2
 0 0 0 0 0 0 0 0 0 0 0 0 0 0 0 0 0 0 0 0 0 0 0 0 0 0 0 0 0 0 0 0 0 0 0 0 0 0 0 0
 0 0 0 0 0 0 0 0 0 0 0 0 0 0 0 0 0 0 0 0 0 0 0 0 0 0 0 0 0 0 0 0
# AEROSOL TYPE: BLACKCARB SIZE BIN:  1 VERTICAL LEVEL:  1
 1 1 1 1 10 10 2 2 2 2 2 2 1 1 1 1 10 10 2 2 2 2 2 2 1 1 1 1 2 2 2 2 2 2 2 2 1 1
 1 1 2 2 2 2 2 2 2 2 1 1 1 1 2 2 2 2 2 2 2 2 1 1 1 1 2 2 2 2 2 2 2 2
# AEROSOL TYPE: BLACKCARB SIZE BIN:  1 VERTICAL LEVEL:  2
 0 0 0 0 0 0 0 0 0 0 0 0 0 0 0 0 0 0 0 0 0 0 0 0 0 0 0 0 0 0 0 0 0 0 0 0 0 0 0 0
 0 0 0 0 0 0 0 0 0 0 0 0 0 0 0 0 0 0 0 0 0 0 0 0 0 0 0 0 0 0 0 0
# AEROSOL TYPE: BLACKCARB SIZE BIN:  2 VERTICAL LEVEL:  1
 121 121 129 129 911 911 172 172 172 172 172 172 121 121 128 128 905 905 171 171
 171 171 171 171 127 127 127 127 169 169 160 160 160 160 213 213 126 126 126 126
 168 168 159 159 159 159 212 212 126 126 126 126 167 167 158 158 158 158 223 223
 125 125 125 125 167 167 157 157 157 157 222 222
# AEROSOL TYPE: BLACKCARB SIZE BIN:  2 VERTICAL LEVEL:  2
 0 0 0 0 0 0 0 0 0 0 0 0 0 0 0 0 0 0 0 0 0 0 0 0 0 0 0 0 0 0 0 0 0 0 0 0 0 0 0 0
 0 0 0 0 0 0 0 0 0 0 0 0 0 0 0 0 0 0 0 0 0 0 0 0 0 0 0 0 0 0 0 0
# AEROSOL TYPE: BLACKCARB SIZE BIN:  3 VERTICAL LEVEL:  1
 2005 2005 2124 2124 15037 15037 2832 2832 2832 2832 2832 2832 1993 1993 2111
 2111 14944 14944 2815 2815 2815 2815 2815 2815 2098 2098 2098 2098 2798 2798
 2641 2641 2641 2641 3522 3522 2085 2085 2085 2085 2781 2781 2625 2625 2625 2625
 3501 3501 2073 2073 2073 2073 2765 2765 2610 2610 2610 2610 3687 3687 2061 2061
 2061 2061 2749 2749 2595 2595 2595 2595 3666 3666
# AEROSOL TYPE: BLACKCARB SIZE BIN:  3 VERTICAL LEVEL:  2
 0 0 0 0 0 0 0 0 0 0 0 0 0 0 0 0 0 0 0 0 0 0 0 0 0 0 0 0 0 0 0 0 0 0 0 0 0 0 0 0
 0 0 0 0 0 0 0 0 0 0 0 0 0 0 0 0 0 0 0 0 0 0 0 0 0 0 0 0 0 0 0 0
# AEROSOL TYPE: BLACKCARB SIZE BIN:  4 VERTICAL LEVEL:  1
 6009 6009 6365 6365 45061 45061 8488 8488 8488 8488 8488 8488 5972 5972 6326
 6326 44781 44781 8435 8435 8435 8435 8435 8435 6287 6287 6287 6287 8384 8384
 7915 7915 7915 7915 10555 10555 6249 6249 6249 6249 8334 8334 7868 7868 7868
 7868 10492 10492 6213 6213 6213 6213 8285 8285 7821 7821 7821 7821 11048 11048
 6177 6177 6177 6177 8237 8237 7776 7776 7776 7776 10984 10984
# AEROSOL TYPE: BLACKCARB SIZE BIN:  4 VERTICAL LEVEL:  2
 0 0 0 0 0 0 0 0 0 0 0 0 0 0 0 0 0 0 0 0 0 0 0 0 0 0 0 0 0 0 0 0 0 0 0 0 0 0 0 0
 0 0 0 0 0 0 0 0 0 0 0 0 0 0 0 0 0 0 0 0 0 0 0 0 0 0 0 0 0 0 0 0
# AEROSOL TYPE: BLACKCARB SIZE BIN:  5 VERTICAL LEVEL:  1
 3269 3269 3462 3462 24512 24512 4617 4617 4617 4617 4617 4617 3248 3248 3441
 3441 24360 24360 4589 4589 4589 4589 4589 4589 3420 3420 3420 3420 4561 4561
 4305 4305 4305 4305 5741 5741 3399 3399 3399 3399 4533 4533 4280 4280 4280 4280
 5707 5707 3380 3380 3380 3380 4507 4507 4255 4255 4255 4255 6010 6010 3360 3360
 3360 3360 4481 4481 4230 4230 4230 4230 5975 5975
# AEROSOL TYPE: BLACKCARB SIZE BIN:  5 VERTICAL LEVEL:  2
 0 0 0 0 0 0 0 0 0 0 0 0 0 0 0 0 0 0 0 0 0 0 0 0 0 0 0 0 0 0 0 0 0 0 0 0 0 0 0 0
 0 0 0 0 0 0 0 0 0 0 0 0 0 0 0 0 0 0 0 0 0 0 0 0 0 0 0 0 0 0 0 0
# AEROSOL TYPE: BLACKCARB SIZE BIN:  6 VERTICAL LEVEL:  1
 323 323 342 342 2420 2420 456 456 456 456 456 456 321 321 340 340 2405 2405 453
 453 453 453 453 453 338 338 338 338 450 450 425 425 425 425 567 567 336 336 336
 336 448 448 423 423 423 423 564 564 334 334 334 334 445 445 420 420 420 420 593
 593 332 332 332 332 442 442 418 418 418 418 590 590
# AEROSOL TYPE: BLACKCARB SIZE BIN:  6 VERTICAL LEVEL:  2
 0 0 0 0 0 0 0 0 0 0 0 0 0 0 0 0 0 0 0 0 0 0 0 0 0 0 0 0 0 0 0 0 0 0 0 0 0 0 0 0
 0 0 0 0 0 0 0 0 0 0 0 0 0 0 0 0 0 0 0 0 0 0 0 0 0 0 0 0 0 0 0 0
# AEROSOL TYPE: BLACKCARB SIZE BIN:  7 VERTICAL LEVEL:  1
 6 6 6 6 43 43 8 8 8 8 8 8 6 6 6 6 43 43 8 8 8 8 8 8 6 6 6 6 8 8 8 8 8 8 10 10 6
 6 6 6 8 8 8 8 8 8 10 10 6 6 6 6 8 8 8 8 8 8 11 11 6 6 6 6 8 8 7 7 7 7 11 11
# AEROSOL TYPE: BLACKCARB SIZE BIN:  7 VERTICAL LEVEL:  2
 0 0 0 0 0 0 0 0 0 0 0 0 0 0 0 0 0 0 0 0 0 0 0 0 0 0 0 0 0 0 0 0 0 0 0 0 0 0 0 0
 0 0 0 0 0 0 0 0 0 0 0 0 0 0 0 0 0 0 0 0 0 0 0 0 0 0 0 0 0 0 0 0
# AEROSOL TYPE: BLACKCARB SIZE BIN:  8 VERTICAL LEVEL:  1
 0 0 0 0 0 0 0 0 0 0 0 0 0 0 0 0 0 0 0 0 0 0 0 0 0 0 0 0 0 0 0 0 0 0 0 0 0 0 0 0
 0 0 0 0 0 0 0 0 0 0 0 0 0 0 0 0 0 0 0 0 0 0 0 0 0 0 0 0 0 0 0 0
# AEROSOL TYPE: BLACKCARB SIZE BIN:  8 VERTICAL LEVEL:  2
 0 0 0 0 0 0 0 0 0 0 0 0 0 0 0 0 0 0 0 0 0 0 0 0 0 0 0 0 0 0 0 0 0 0 0 0 0 0 0 0
 0 0 0 0 0 0 0 0 0 0 0 0 0 0 0 0 0 0 0 0 0 0 0 0 0 0 0 0 0 0 0 0
# AEROSOL TYPE: BLACKCARB SIZE BIN:  9 VERTICAL LEVEL:  1
 0 0 0 0 0 0 0 0 0 0 0 0 0 0 0 0 0 0 0 0 0 0 0 0 0 0 0 0 0 0 0 0 0 0 0 0 0 0 0 0
 0 0 0 0 0 0 0 0 0 0 0 0 0 0 0 0 0 0 0 0 0 0 0 0 0 0 0 0 0 0 0 0
# AEROSOL TYPE: BLACKCARB SIZE BIN:  9 VERTICAL LEVEL:  2
 0 0 0 0 0 0 0 0 0 0 0 0 0 0 0 0 0 0 0 0 0 0 0 0 0 0 0 0 0 0 0 0 0 0 0 0 0 0 0 0
 0 0 0 0 0 0 0 0 0 0 0 0 0 0 0 0 0 0 0 0 0 0 0 0 0 0 0 0 0 0 0 0
# AEROSOL TYPE: BLACKCARB SIZE BIN: 10 VERTICAL LEVEL:  1
 0 0 0 0 0 0 0 0 0 0 0 0 0 0 0 0 0 0 0 0 0 0 0 0 0 0 0 0 0 0 0 0 0 0 0 0 0 0 0 0
 0 0 0 0 0 0 0 0 0 0 0 0 0 0 0 0 0 0 0 0 0 0 0 0 0 0 0 0 0 0 0 0
# AEROSOL TYPE: BLACKCARB SIZE BIN: 10 VERTICAL LEVEL:  2
 0 0 0 0 0 0 0 0 0 0 0 0 0 0 0 0 0 0 0 0 0 0 0 0 0 0 0 0 0 0 0 0 0 0 0 0 0 0 0 0
 0 0 0 0 0 0 0 0 0 0 0 0 0 0 0 0 0 0 0 0 0 0 0 0 0 0 0 0 0 0 0 0
# AEROSOL TYPE: BLACKCARB SIZE BIN: 11 VERTICAL LEVEL:  1
 0 0 0 0 0 0 0 0 0 0 0 0 0 0 0 0 0 0 0 0 0 0 0 0 0 0 0 0 0 0 0 0 0 0 0 0 0 0 0 0
 0 0 0 0 0 0 0 0 0 0 0 0 0 0 0 0 0 0 0 0 0 0 0 0 0 0 0 0 0 0 0 0
# AEROSOL TYPE: BLACKCARB SIZE BIN: 11 VERTICAL LEVEL:  2
 0 0 0 0 0 0 0 0 0 0 0 0 0 0 0 0 0 0 0 0 0 0 0 0 0 0 0 0 0 0 0 0 0 0 0 0 0 0 0 0
 0 0 0 0 0 0 0 0 0 0 0 0 0 0 0 0 0 0 0 0 0 0 0 0 0 0 0 0 0 0 0 0
# AEROSOL TYPE: BLACKCARB SIZE BIN: 12 VERTICAL LEVEL:  1
 0 0 0 0 0 0 0 0 0 0 0 0 0 0 0 0 0 0 0 0 0 0 0 0 0 0 0 0 0 0 0 0 0 0 0 0 0 0 0 0
 0 0 0 0 0 0 0 0 0 0 0 0 0 0 0 0 0 0 0 0 0 0 0 0 0 0 0 0 0 0 0 0
# AEROSOL TYPE: BLACKCARB SIZE BIN: 12 VERTICAL LEVEL:  2
 0 0 0 0 0 0 0 0 0 0 0 0 0 0 0 0 0 0 0 0 0 0 0 0 0 0 0 0 0 0 0 0 0 0 0 0 0 0 0 0
 0 0 0 0 0 0 0 0 0 0 0 0 0 0 0 0 0 0 0 0 0 0 0 0 0 0 0 0 0 0 0 0
# AEROSOL TYPE: SOILDUST  SIZE BIN:  1 VERTICAL LEVEL:  1
 0 0 0 0 0 0 0 0 0 0 0 0 0 0 0 0 0 0 0 0 0 0 0 0 0 0 0 0 0 0 0 0 0 0 0 0 0 0 0 0
 0 0 0 0 0 0 0 0 0 0 0 0 0 0 0 0 0 0 0 0 0 0 0 0 0 0 0 0 0 0 0 0
# AEROSOL TYPE: SOILDUST  SIZE BIN:  1 VERTICAL LEVEL:  2
 0 0 0 0 0 0 0 0 0 0 0 0 0 0 0 0 0 0 0 0 0 0 0 0 0 0 0 0 0 0 0 0 0 0 0 0 0 0 0 0
 0 0 0 0 0 0 0 0 0 0 0 0 0 0 0 0 0 0 0 0 0 0 0 0 0 0 0 0 0 0 0 0
# AEROSOL TYPE: SOILDUST  SIZE BIN:  2 VERTICAL LEVEL:  1
 0 0 0 0 0 0 0 0 0 0 0 0 0 0 0 0 0 0 0 0 0 0 0 0 0 0 0 0 0 0 0 0 0 0 0 0 0 0 0 0
 0 0 0 0 0 0 0 0 0 0 0 0 0 0 0 0 0 0 0 0 0 0 0 0 0 0 0 0 0 0 0 0
# AEROSOL TYPE: SOILDUST  SIZE BIN:  2 VERTICAL LEVEL:  2
 0 0 0 0 0 0 0 0 0 0 0 0 0 0 0 0 0 0 0 0 0 0 0 0 0 0 0 0 0 0 0 0 0 0 0 0 0 0 0 0
 0 0 0 0 0 0 0 0 0 0 0 0 0 0 0 0 0 0 0 0 0 0 0 0 0 0 0 0 0 0 0 0
# AEROSOL TYPE: SOILDUST  SIZE BIN:  3 VERTICAL LEVEL:  1
 0 0 0 0 0 0 0 0 0 0 0 0 0 0 0 0 0 0 0 0 0 0 0 0 0 0 0 0 0 0 0 0 0 0 0 0 0 0 0 0
 0 0 0 0 0 0 0 0 0 0 0 0 0 0 0 0 0 0 0 0 0 0 0 0 0 0 0 0 0 0 0 0
# AEROSOL TYPE: SOILDUST  SIZE BIN:  3 VERTICAL LEVEL:  2
 0 0 0 0 0 0 0 0 0 0 0 0 0 0 0 0 0 0 0 0 0 0 0 0 0 0 0 0 0 0 0 0 0 0 0 0 0 0 0 0
 0 0 0 0 0 0 0 0 0 0 0 0 0 0 0 0 0 0 0 0 0 0 0 0 0 0 0 0 0 0 0 0
# AEROSOL TYPE: SOILDUST  SIZE BIN:  4 VERTICAL LEVEL:  1
 0 0 0 0 0 0 0 0 0 0 0 0 0 0 0 0 0 0 0 0 0 0 0 0 0 0 0 0 0 0 0 0 0 0 0 0 0 0 0 0
 0 0 0 0 0 0 0 0 0 0 0 0 0 0 0 0 0 0 0 0 0 0 0 0 0 0 0 0 0 0 0 0
# AEROSOL TYPE: SOILDUST  SIZE BIN:  4 VERTICAL LEVEL:  2
 0 0 0 0 0 0 0 0 0 0 0 0 0 0 0 0 0 0 0 0 0 0 0 0 0 0 0 0 0 0 0 0 0 0 0 0 0 0 0 0
 0 0 0 0 0 0 0 0 0 0 0 0 0 0 0 0 0 0 0 0 0 0 0 0 0 0 0 0 0 0 0 0
# AEROSOL TYPE: SOILDUST  SIZE BIN:  5 VERTICAL LEVEL:  1
 0 0 0 0 0 0 0 0 0 0 0 0 0 0 0 0 0 0 0 0 0 0 0 0 0 0 0 0 0 0 0 0 0 0 0 0 0 0 0 0
 0 0 0 0 0 0 0 0 0 0 0 0 0 0 0 0 0 0 0 0 0 0 0 0 0 0 0 0 0 0 0 0
# AEROSOL TYPE: SOILDUST  SIZE BIN:  5 VERTICAL LEVEL:  2
 0 0 0 0 0 0 0 0 0 0 0 0 0 0 0 0 0 0 0 0 0 0 0 0 0 0 0 0 0 0 0 0 0 0 0 0 0 0 0 0
 0 0 0 0 0 0 0 0 0 0 0 0 0 0 0 0 0 0 0 0 0 0 0 0 0 0 0 0 0 0 0 0
# AEROSOL TYPE: SOILDUST  SIZE BIN:  6 VERTICAL LEVEL:  1
 0 0 0 0 0 0 0 0 0 0 0 0 0 0 0 0 0 0 0 0 0 0 0 0 0 0 0 0 0 0 0 0 0 0 0 0 0 0 0 0
 0 0 0 0 0 0 0 0 0 0 0 0 0 0 0 0 0 0 0 0 0 0 0 0 0 0 0 0 0 0 0 0
# AEROSOL TYPE: SOILDUST  SIZE BIN:  6 VERTICAL LEVEL:  2
 0 0 0 0 0 0 0 0 0 0 0 0 0 0 0 0 0 0 0 0 0 0 0 0 0 0 0 0 0 0 0 0 0 0 0 0 0 0 0 0
 0 0 0 0 0 0 0 0 0 0 0 0 0 0 0 0 0 0 0 0 0 0 0 0 0 0 0 0 0 0 0 0
# AEROSOL TYPE: SOILDUST  SIZE BIN:  7 VERTICAL LEVEL:  1
 0 0 0 0 0 0 0 0 0 0 0 0 0 0 0 0 0 0 0 0 0 0 0 0 0 0 0 0 0 0 0 0 0 0 0 0 0 0 0 0
 0 0 0 0 0 0 0 0 0 0 0 0 0 0 0 0 0 0 0 0 0 0 0 0 0 0 0 0 0 0 0 0
# AEROSOL TYPE: SOILDUST  SIZE BIN:  7 VERTICAL LEVEL:  2
 0 0 0 0 0 0 0 0 0 0 0 0 0 0 0 0 0 0 0 0 0 0 0 0 0 0 0 0 0 0 0 0 0 0 0 0 0 0 0 0
 0 0 0 0 0 0 0 0 0 0 0 0 0 0 0 0 0 0 0 0 0 0 0 0 0 0 0 0 0 0 0 0
# AEROSOL TYPE: SOILDUST  SIZE BIN:  8 VERTICAL LEVEL:  1
 0 0 0 0 0 0 0 0 0 0 0 0 0 0 0 0 0 0 0 0 0 0 0 0 0 0 0 0 0 0 0 0 0 0 0 0 0 0 0 0
 0 0 0 0 0 0 0 0 0 0 0 0 0 0 0 0 0 0 0 0 0 0 0 0 0 0 0 0 0 0 0 0
# AEROSOL TYPE: SOILDUST  SIZE BIN:  8 VERTICAL LEVEL:  2
 0 0 0 0 0 0 0 0 0 0 0 0 0 0 0 0 0 0 0 0 0 0 0 0 0 0 0 0 0 0 0 0 0 0 0 0 0 0 0 0
 0 0 0 0 0 0 0 0 0 0 0 0 0 0 0 0 0 0 0 0 0 0 0 0 0 0 0 0 0 0 0 0
# AEROSOL TYPE: SOILDUST  SIZE BIN:  9 VERTICAL LEVEL:  1
 0 0 0 0 0 0 0 0 0 0 0 0 0 0 0 0 0 0 0 0 0 0 0 0 0 0 0 0 0 0 0 0 0 0 0 0 0 0 0 0
 0 0 0 0 0 0 0 0 0 0 0 0 0 0 0 0 0 0 0 0 0 0 0 0 0 0 0 0 0 0 0 0
# AEROSOL TYPE: SOILDUST  SIZE BIN:  9 VERTICAL LEVEL:  2
 0 0 0 0 0 0 0 0 0 0 0 0 0 0 0 0 0 0 0 0 0 0 0 0 0 0 0 0 0 0 0 0 0 0 0 0 0 0 0 0
 0 0 0 0 0 0 0 0 0 0 0 0 0 0 0 0 0 0 0 0 0 0 0 0 0 0 0 0 0 0 0 0
# AEROSOL TYPE: SOILDUST  SIZE BIN: 10 VERTICAL LEVEL:  1
 0 0 0 0 0 0 0 0 0 0 0 0 0 0 0 0 0 0 0 0 0 0 0 0 0 0 0 0 0 0 0 0 0 0 0 0 0 0 0 0
 0 0 0 0 0 0 0 0 0 0 0 0 0 0 0 0 0 0 0 0 0 0 0 0 0 0 0 0 0 0 0 0
# AEROSOL TYPE: SOILDUST  SIZE BIN: 10 VERTICAL LEVEL:  2
 0 0 0 0 0 0 0 0 0 0 0 0 0 0 0 0 0 0 0 0 0 0 0 0 0 0 0 0 0 0 0 0 0 0 0 0 0 0 0 0
 0 0 0 0 0 0 0 0 0 0 0 0 0 0 0 0 0 0 0 0 0 0 0 0 0 0 0 0 0 0 0 0
# AEROSOL TYPE: SOILDUST  SIZE BIN: 11 VERTICAL LEVEL:  1
 0 0 0 0 0 0 0 0 0 0 0 0 0 0 0 0 0 0 0 0 0 0 0 0 0 0 0 0 0 0 0 0 0 0 0 0 0 0 0 0
 0 0 0 0 0 0 0 0 0 0 0 0 0 0 0 0 0 0 0 0 0 0 0 0 0 0 0 0 0 0 0 0
# AEROSOL TYPE: SOILDUST  SIZE BIN: 11 VERTICAL LEVEL:  2
 0 0 0 0 0 0 0 0 0 0 0 0 0 0 0 0 0 0 0 0 0 0 0 0 0 0 0 0 0 0 0 0 0 0 0 0 0 0 0 0
 0 0 0 0 0 0 0 0 0 0 0 0 0 0 0 0 0 0 0 0 0 0 0 0 0 0 0 0 0 0 0 0
# AEROSOL TYPE: SOILDUST  SIZE BIN: 12 VERTICAL LEVEL:  1
 0 0 0 0 0 0 0 0 0 0 0 0 0 0 0 0 0 0 0 0 0 0 0 0 0 0 0 0 0 0 0 0 0 0 0 0 0 0 0 0
 0 0 0 0 0 0 0 0 0 0 0 0 0 0 0 0 0 0 0 0 0 0 0 0 0 0 0 0 0 0 0 0
# AEROSOL TYPE: SOILDUST  SIZE BIN: 12 VERTICAL LEVEL:  2
 0 0 0 0 0 0 0 0 0 0 0 0 0 0 0 0 0 0 0 0 0 0 0 0 0 0 0 0 0 0 0 0 0 0 0 0 0 0 0 0
 0 0 0 0 0 0 0 0 0 0 0 0 0 0 0 0 0 0 0 0 0 0 0 0 0 0 0 0 0 0 0 0
# AEROSOL TYPE: SEASALT   SIZE BIN:  1 VERTICAL LEVEL:  1
 0 0 0 0 0 0 0 0 0 0 0 0 0 0 0 0 0 0 0 0 0 0 0 0 0 0 0 0 0 0 0 0 0 0 0 0 0 0 0 0
 0 0 0 0 0 0 0 0 0 0 0 0 0 0 0 0 0 0 0 0 0 0 0 0 0 0 0 0 0 0 0 0
# AEROSOL TYPE: SEASALT   SIZE BIN:  1 VERTICAL LEVEL:  2
 0 0 0 0 0 0 0 0 0 0 0 0 0 0 0 0 0 0 0 0 0 0 0 0 0 0 0 0 0 0 0 0 0 0 0 0 0 0 0 0
 0 0 0 0 0 0 0 0 0 0 0 0 0 0 0 0 0 0 0 0 0 0 0 0 0 0 0 0 0 0 0 0
# AEROSOL TYPE: SEASALT   SIZE BIN:  2 VERTICAL LEVEL:  1
 0 0 0 0 0 0 0 0 0 0 0 0 0 0 0 0 0 0 0 0 0 0 0 0 0 0 0 0 0 0 0 0 0 0 0 0 0 0 0 0
 0 0 0 0 0 0 0 0 0 0 0 0 0 0 0 0 0 0 0 0 0 0 0 0 0 0 0 0 0 0 0 0
# AEROSOL TYPE: SEASALT   SIZE BIN:  2 VERTICAL LEVEL:  2
 0 0 0 0 0 0 0 0 0 0 0 0 0 0 0 0 0 0 0 0 0 0 0 0 0 0 0 0 0 0 0 0 0 0 0 0 0 0 0 0
 0 0 0 0 0 0 0 0 0 0 0 0 0 0 0 0 0 0 0 0 0 0 0 0 0 0 0 0 0 0 0 0
# AEROSOL TYPE: SEASALT   SIZE BIN:  3 VERTICAL LEVEL:  1
 0 0 0 0 0 0 0 0 0 0 0 0 0 0 0 0 0 0 0 0 0 0 0 0 0 0 0 0 0 0 0 0 0 0 0 0 0 0 0 0
 0 0 0 0 0 0 0 0 0 0 0 0 0 0 0 0 0 0 0 0 0 0 0 0 0 0 0 0 0 0 0 0
# AEROSOL TYPE: SEASALT   SIZE BIN:  3 VERTICAL LEVEL:  2
 0 0 0 0 0 0 0 0 0 0 0 0 0 0 0 0 0 0 0 0 0 0 0 0 0 0 0 0 0 0 0 0 0 0 0 0 0 0 0 0
 0 0 0 0 0 0 0 0 0 0 0 0 0 0 0 0 0 0 0 0 0 0 0 0 0 0 0 0 0 0 0 0
# AEROSOL TYPE: SEASALT   SIZE BIN:  4 VERTICAL LEVEL:  1
 0 0 0 0 0 0 0 0 0 0 0 0 0 0 0 0 0 0 0 0 0 0 0 0 0 0 0 0 0 0 0 0 0 0 0 0 0 0 0 0
 0 0 0 0 0 0 0 0 0 0 0 0 0 0 0 0 0 0 0 0 0 0 0 0 0 0 0 0 0 0 0 0
# AEROSOL TYPE: SEASALT   SIZE BIN:  4 VERTICAL LEVEL:  2
 0 0 0 0 0 0 0 0 0 0 0 0 0 0 0 0 0 0 0 0 0 0 0 0 0 0 0 0 0 0 0 0 0 0 0 0 0 0 0 0
 0 0 0 0 0 0 0 0 0 0 0 0 0 0 0 0 0 0 0 0 0 0 0 0 0 0 0 0 0 0 0 0
# AEROSOL TYPE: SEASALT   SIZE BIN:  5 VERTICAL LEVEL:  1
 0 0 0 0 0 0 0 0 0 0 0 0 0 0 0 0 0 0 0 0 0 0 0 0 0 0 0 0 0 0 0 0 0 0 0 0 0 0 0 0
 0 0 0 0 0 0 0 0 0 0 0 0 0 0 0 0 0 0 0 0 0 0 0 0 0 0 0 0 0 0 0 0
# AEROSOL TYPE: SEASALT   SIZE BIN:  5 VERTICAL LEVEL:  2
 0 0 0 0 0 0 0 0 0 0 0 0 0 0 0 0 0 0 0 0 0 0 0 0 0 0 0 0 0 0 0 0 0 0 0 0 0 0 0 0
 0 0 0 0 0 0 0 0 0 0 0 0 0 0 0 0 0 0 0 0 0 0 0 0 0 0 0 0 0 0 0 0
# AEROSOL TYPE: SEASALT   SIZE BIN:  6 VERTICAL LEVEL:  1
 0 0 0 0 0 0 0 0 0 0 0 0 0 0 0 0 0 0 0 0 0 0 0 0 0 0 0 0 0 0 0 0 0 0 0 0 0 0 0 0
 0 0 0 0 0 0 0 0 0 0 0 0 0 0 0 0 0 0 0 0 0 0 0 0 0 0 0 0 0 0 0 0
# AEROSOL TYPE: SEASALT   SIZE BIN:  6 VERTICAL LEVEL:  2
 0 0 0 0 0 0 0 0 0 0 0 0 0 0 0 0 0 0 0 0 0 0 0 0 0 0 0 0 0 0 0 0 0 0 0 0 0 0 0 0
 0 0 0 0 0 0 0 0 0 0 0 0 0 0 0 0 0 0 0 0 0 0 0 0 0 0 0 0 0 0 0 0
# AEROSOL TYPE: SEASALT   SIZE BIN:  7 VERTICAL LEVEL:  1
 0 0 0 0 0 0 0 0 0 0 0 0 0 0 0 0 0 0 0 0 0 0 0 0 0 0 0 0 0 0 0 0 0 0 0 0 0 0 0 0
 0 0 0 0 0 0 0 0 0 0 0 0 0 0 0 0 0 0 0 0 0 0 0 0 0 0 0 0 0 0 0 0
# AEROSOL TYPE: SEASALT   SIZE BIN:  7 VERTICAL LEVEL:  2
 0 0 0 0 0 0 0 0 0 0 0 0 0 0 0 0 0 0 0 0 0 0 0 0 0 0 0 0 0 0 0 0 0 0 0 0 0 0 0 0
 0 0 0 0 0 0 0 0 0 0 0 0 0 0 0 0 0 0 0 0 0 0 0 0 0 0 0 0 0 0 0 0
# AEROSOL TYPE: SEASALT   SIZE BIN:  8 VERTICAL LEVEL:  1
 0 0 0 0 0 0 0 0 0 0 0 0 0 0 0 0 0 0 0 0 0 0 0 0 0 0 0 0 0 0 0 0 0 0 0 0 0 0 0 0
 0 0 0 0 0 0 0 0 0 0 0 0 0 0 0 0 0 0 0 0 0 0 0 0 0 0 0 0 0 0 0 0
# AEROSOL TYPE: SEASALT   SIZE BIN:  8 VERTICAL LEVEL:  2
 0 0 0 0 0 0 0 0 0 0 0 0 0 0 0 0 0 0 0 0 0 0 0 0 0 0 0 0 0 0 0 0 0 0 0 0 0 0 0 0
 0 0 0 0 0 0 0 0 0 0 0 0 0 0 0 0 0 0 0 0 0 0 0 0 0 0 0 0 0 0 0 0
# AEROSOL TYPE: SEASALT   SIZE BIN:  9 VERTICAL LEVEL:  1
 0 0 0 0 0 0 0 0 0 0 0 0 0 0 0 0 0 0 0 0 0 0 0 0 0 0 0 0 0 0 0 0 0 0 0 0 0 0 0 0
 0 0 0 0 0 0 0 0 0 0 0 0 0 0 0 0 0 0 0 0 0 0 0 0 0 0 0 0 0 0 0 0
# AEROSOL TYPE: SEASALT   SIZE BIN:  9 VERTICAL LEVEL:  2
 0 0 0 0 0 0 0 0 0 0 0 0 0 0 0 0 0 0 0 0 0 0 0 0 0 0 0 0 0 0 0 0 0 0 0 0 0 0 0 0
 0 0 0 0 0 0 0 0 0 0 0 0 0 0 0 0 0 0 0 0 0 0 0 0 0 0 0 0 0 0 0 0
# AEROSOL TYPE: SEASALT   SIZE BIN: 10 VERTICAL LEVEL:  1
 0 0 0 0 0 0 0 0 0 0 0 0 0 0 0 0 0 0 0 0 0 0 0 0 0 0 0 0 0 0 0 0 0 0 0 0 0 0 0 0
 0 0 0 0 0 0 0 0 0 0 0 0 0 0 0 0 0 0 0 0 0 0 0 0 0 0 0 0 0 0 0 0
# AEROSOL TYPE: SEASALT   SIZE BIN: 10 VERTICAL LEVEL:  2
 0 0 0 0 0 0 0 0 0 0 0 0 0 0 0 0 0 0 0 0 0 0 0 0 0 0 0 0 0 0 0 0 0 0 0 0 0 0 0 0
 0 0 0 0 0 0 0 0 0 0 0 0 0 0 0 0 0 0 0 0 0 0 0 0 0 0 0 0 0 0 0 0
# AEROSOL TYPE: SEASALT   SIZE BIN: 11 VERTICAL LEVEL:  1
 0 0 0 0 0 0 0 0 0 0 0 0 0 0 0 0 0 0 0 0 0 0 0 0 0 0 0 0 0 0 0 0 0 0 0 0 0 0 0 0
 0 0 0 0 0 0 0 0 0 0 0 0 0 0 0 0 0 0 0 0 0 0 0 0 0 0 0 0 0 0 0 0
# AEROSOL TYPE: SEASALT   SIZE BIN: 11 VERTICAL LEVEL:  2
 0 0 0 0 0 0 0 0 0 0 0 0 0 0 0 0 0 0 0 0 0 0 0 0 0 0 0 0 0 0 0 0 0 0 0 0 0 0 0 0
 0 0 0 0 0 0 0 0 0 0 0 0 0 0 0 0 0 0 0 0 0 0 0 0 0 0 0 0 0 0 0 0
# AEROSOL TYPE: SEASALT   SIZE BIN: 12 VERTICAL LEVEL:  1
 0 0 0 0 0 0 0 0 0 0 0 0 0 0 0 0 0 0 0 0 0 0 0 0 0 0 0 0 0 0 0 0 0 0 0 0 0 0 0 0
 0 0 0 0 0 0 0 0 0 0 0 0 0 0 0 0 0 0 0 0 0 0 0 0 0 0 0 0 0 0 0 0
# AEROSOL TYPE: SEASALT   SIZE BIN: 12 VERTICAL LEVEL:  2
 0 0 0 0 0 0 0 0 0 0 0 0 0 0 0 0 0 0 0 0 0 0 0 0 0 0 0 0 0 0 0 0 0 0 0 0 0 0 0 0
 0 0 0 0 0 0 0 0 0 0 0 0 0 0 0 0 0 0 0 0 0 0 0 0 0 0 0 0 0 0 0 0
# AEROSOL TYPE: OMCARBON  SIZE BIN:  1 VERTICAL LEVEL:  1
 0 0 0 0 0 0 0 0 0 0 0 0 0 0 0 0 0 0 0 0 0 0 0 0 0 0 0 0 0 0 0 0 0 0 0 0 0 0 0 0
 0 0 0 0 0 0 0 0 0 0 0 0 0 0 0 0 0 0 0 0 0 0 0 0 0 0 0 0 0 0 0 0
# AEROSOL TYPE: OMCARBON  SIZE BIN:  1 VERTICAL LEVEL:  2
 0 0 0 0 0 0 0 0 0 0 0 0 0 0 0 0 0 0 0 0 0 0 0 0 0 0 0 0 0 0 0 0 0 0 0 0 0 0 0 0
 0 0 0 0 0 0 0 0 0 0 0 0 0 0 0 0 0 0 0 0 0 0 0 0 0 0 0 0 0 0 0 0
# AEROSOL TYPE: OMCARBON  SIZE BIN:  2 VERTICAL LEVEL:  1
 0 0 0 0 0 0 0 0 0 0 0 0 0 0 0 0 0 0 0 0 0 0 0 0 0 0 0 0 0 0 0 0 0 0 0 0 0 0 0 0
 0 0 0 0 0 0 0 0 0 0 0 0 0 0 0 0 0 0 0 0 0 0 0 0 0 0 0 0 0 0 0 0
# AEROSOL TYPE: OMCARBON  SIZE BIN:  2 VERTICAL LEVEL:  2
 0 0 0 0 0 0 0 0 0 0 0 0 0 0 0 0 0 0 0 0 0 0 0 0 0 0 0 0 0 0 0 0 0 0 0 0 0 0 0 0
 0 0 0 0 0 0 0 0 0 0 0 0 0 0 0 0 0 0 0 0 0 0 0 0 0 0 0 0 0 0 0 0
# AEROSOL TYPE: OMCARBON  SIZE BIN:  3 VERTICAL LEVEL:  1
 0 0 0 0 0 0 0 0 0 0 0 0 0 0 0 0 0 0 0 0 0 0 0 0 0 0 0 0 0 0 0 0 0 0 0 0 0 0 0 0
 0 0 0 0 0 0 0 0 0 0 0 0 0 0 0 0 0 0 0 0 0 0 0 0 0 0 0 0 0 0 0 0
# AEROSOL TYPE: OMCARBON  SIZE BIN:  3 VERTICAL LEVEL:  2
 0 0 0 0 0 0 0 0 0 0 0 0 0 0 0 0 0 0 0 0 0 0 0 0 0 0 0 0 0 0 0 0 0 0 0 0 0 0 0 0
 0 0 0 0 0 0 0 0 0 0 0 0 0 0 0 0 0 0 0 0 0 0 0 0 0 0 0 0 0 0 0 0
# AEROSOL TYPE: OMCARBON  SIZE BIN:  4 VERTICAL LEVEL:  1
 0 0 0 0 0 0 0 0 0 0 0 0 0 0 0 0 0 0 0 0 0 0 0 0 0 0 0 0 0 0 0 0 0 0 0 0 0 0 0 0
 0 0 0 0 0 0 0 0 0 0 0 0 0 0 0 0 0 0 0 0 0 0 0 0 0 0 0 0 0 0 0 0
# AEROSOL TYPE: OMCARBON  SIZE BIN:  4 VERTICAL LEVEL:  2
 0 0 0 0 0 0 0 0 0 0 0 0 0 0 0 0 0 0 0 0 0 0 0 0 0 0 0 0 0 0 0 0 0 0 0 0 0 0 0 0
 0 0 0 0 0 0 0 0 0 0 0 0 0 0 0 0 0 0 0 0 0 0 0 0 0 0 0 0 0 0 0 0
# AEROSOL TYPE: OMCARBON  SIZE BIN:  5 VERTICAL LEVEL:  1
 0 0 0 0 0 0 0 0 0 0 0 0 0 0 0 0 0 0 0 0 0 0 0 0 0 0 0 0 0 0 0 0 0 0 0 0 0 0 0 0
 0 0 0 0 0 0 0 0 0 0 0 0 0 0 0 0 0 0 0 0 0 0 0 0 0 0 0 0 0 0 0 0
# AEROSOL TYPE: OMCARBON  SIZE BIN:  5 VERTICAL LEVEL:  2
 0 0 0 0 0 0 0 0 0 0 0 0 0 0 0 0 0 0 0 0 0 0 0 0 0 0 0 0 0 0 0 0 0 0 0 0 0 0 0 0
 0 0 0 0 0 0 0 0 0 0 0 0 0 0 0 0 0 0 0 0 0 0 0 0 0 0 0 0 0 0 0 0
# AEROSOL TYPE: OMCARBON  SIZE BIN:  6 VERTICAL LEVEL:  1
 0 0 0 0 0 0 0 0 0 0 0 0 0 0 0 0 0 0 0 0 0 0 0 0 0 0 0 0 0 0 0 0 0 0 0 0 0 0 0 0
 0 0 0 0 0 0 0 0 0 0 0 0 0 0 0 0 0 0 0 0 0 0 0 0 0 0 0 0 0 0 0 0
# AEROSOL TYPE: OMCARBON  SIZE BIN:  6 VERTICAL LEVEL:  2
 0 0 0 0 0 0 0 0 0 0 0 0 0 0 0 0 0 0 0 0 0 0 0 0 0 0 0 0 0 0 0 0 0 0 0 0 0 0 0 0
 0 0 0 0 0 0 0 0 0 0 0 0 0 0 0 0 0 0 0 0 0 0 0 0 0 0 0 0 0 0 0 0
# AEROSOL TYPE: OMCARBON  SIZE BIN:  7 VERTICAL LEVEL:  1
 0 0 0 0 0 0 0 0 0 0 0 0 0 0 0 0 0 0 0 0 0 0 0 0 0 0 0 0 0 0 0 0 0 0 0 0 0 0 0 0
 0 0 0 0 0 0 0 0 0 0 0 0 0 0 0 0 0 0 0 0 0 0 0 0 0 0 0 0 0 0 0 0
# AEROSOL TYPE: OMCARBON  SIZE BIN:  7 VERTICAL LEVEL:  2
 0 0 0 0 0 0 0 0 0 0 0 0 0 0 0 0 0 0 0 0 0 0 0 0 0 0 0 0 0 0 0 0 0 0 0 0 0 0 0 0
 0 0 0 0 0 0 0 0 0 0 0 0 0 0 0 0 0 0 0 0 0 0 0 0 0 0 0 0 0 0 0 0
# AEROSOL TYPE: OMCARBON  SIZE BIN:  8 VERTICAL LEVEL:  1
 0 0 0 0 0 0 0 0 0 0 0 0 0 0 0 0 0 0 0 0 0 0 0 0 0 0 0 0 0 0 0 0 0 0 0 0 0 0 0 0
 0 0 0 0 0 0 0 0 0 0 0 0 0 0 0 0 0 0 0 0 0 0 0 0 0 0 0 0 0 0 0 0
# AEROSOL TYPE: OMCARBON  SIZE BIN:  8 VERTICAL LEVEL:  2
 0 0 0 0 0 0 0 0 0 0 0 0 0 0 0 0 0 0 0 0 0 0 0 0 0 0 0 0 0 0 0 0 0 0 0 0 0 0 0 0
 0 0 0 0 0 0 0 0 0 0 0 0 0 0 0 0 0 0 0 0 0 0 0 0 0 0 0 0 0 0 0 0
# AEROSOL TYPE: OMCARBON  SIZE BIN:  9 VERTICAL LEVEL:  1
 0 0 0 0 0 0 0 0 0 0 0 0 0 0 0 0 0 0 0 0 0 0 0 0 0 0 0 0 0 0 0 0 0 0 0 0 0 0 0 0
 0 0 0 0 0 0 0 0 0 0 0 0 0 0 0 0 0 0 0 0 0 0 0 0 0 0 0 0 0 0 0 0
# AEROSOL TYPE: OMCARBON  SIZE BIN:  9 VERTICAL LEVEL:  2
 0 0 0 0 0 0 0 0 0 0 0 0 0 0 0 0 0 0 0 0 0 0 0 0 0 0 0 0 0 0 0 0 0 0 0 0 0 0 0 0
 0 0 0 0 0 0 0 0 0 0 0 0 0 0 0 0 0 0 0 0 0 0 0 0 0 0 0 0 0 0 0 0
# AEROSOL TYPE: OMCARBON  SIZE BIN: 10 VERTICAL LEVEL:  1
 0 0 0 0 0 0 0 0 0 0 0 0 0 0 0 0 0 0 0 0 0 0 0 0 0 0 0 0 0 0 0 0 0 0 0 0 0 0 0 0
 0 0 0 0 0 0 0 0 0 0 0 0 0 0 0 0 0 0 0 0 0 0 0 0 0 0 0 0 0 0 0 0
# AEROSOL TYPE: OMCARBON  SIZE BIN: 10 VERTICAL LEVEL:  2
 0 0 0 0 0 0 0 0 0 0 0 0 0 0 0 0 0 0 0 0 0 0 0 0 0 0 0 0 0 0 0 0 0 0 0 0 0 0 0 0
 0 0 0 0 0 0 0 0 0 0 0 0 0 0 0 0 0 0 0 0 0 0 0 0 0 0 0 0 0 0 0 0
# AEROSOL TYPE: OMCARBON  SIZE BIN: 11 VERTICAL LEVEL:  1
 0 0 0 0 0 0 0 0 0 0 0 0 0 0 0 0 0 0 0 0 0 0 0 0 0 0 0 0 0 0 0 0 0 0 0 0 0 0 0 0
 0 0 0 0 0 0 0 0 0 0 0 0 0 0 0 0 0 0 0 0 0 0 0 0 0 0 0 0 0 0 0 0
# AEROSOL TYPE: OMCARBON  SIZE BIN: 11 VERTICAL LEVEL:  2
 0 0 0 0 0 0 0 0 0 0 0 0 0 0 0 0 0 0 0 0 0 0 0 0 0 0 0 0 0 0 0 0 0 0 0 0 0 0 0 0
 0 0 0 0 0 0 0 0 0 0 0 0 0 0 0 0 0 0 0 0 0 0 0 0 0 0 0 0 0 0 0 0
# AEROSOL TYPE: OMCARBON  SIZE BIN: 12 VERTICAL LEVEL:  1
 0 0 0 0 0 0 0 0 0 0 0 0 0 0 0 0 0 0 0 0 0 0 0 0 0 0 0 0 0 0 0 0 0 0 0 0 0 0 0 0
 0 0 0 0 0 0 0 0 0 0 0 0 0 0 0 0 0 0 0 0 0 0 0 0 0 0 0 0 0 0 0 0
# AEROSOL TYPE: OMCARBON  SIZE BIN: 12 VERTICAL LEVEL:  2
 0 0 0 0 0 0 0 0 0 0 0 0 0 0 0 0 0 0 0 0 0 0 0 0 0 0 0 0 0 0 0 0 0 0 0 0 0 0 0 0
 0 0 0 0 0 0 0 0 0 0 0 0 0 0 0 0 0 0 0 0 0 0 0 0 0 0 0 0 0 0 0 0
