 2-d aerosol dry deposition file
 Units of   10000. part/m^2 for   1. days.
 0 0 0 2 1 2000 TU (hh mm ss), Date (jj mm yyyy)
 12  Number of size bins
 1  0.00499999989  0.00999999978
 2  0.00999999978  0.0199999996
 3  0.0199999996  0.0399999991
 4  0.0399999991  0.0799999982
 5  0.0799999982  0.159999996
 6  0.159999996  0.319999993
 7  0.319999993  0.639999986
 8  0.639999986  1.27999997
 9  1.27999997  2.55999994
 10  2.55999994  5.11999989
 11  5.11999989  10.2399998
 12  10.2399998  20.4799995
 6  Number of X cells
  0.5  Size of X cell
 12  Number of Y cells
  0.5  Size of Y cell
 1  Number of Z cells
 0.
  33.  267.  0.  X0, Y0, Z0
 5  Number of aerosol types
 SULFATE                                                     
 BLACKCARBON                                                 
 SOILDUST                                                    
 SEASALT                                                     
 OMCARBON                                                    
 DATA
 # AEROSOL TYPE=  1 SIZE BIN=  1VERTICAL LEVEL= SURFACE
 18627198 18627198 19213524 20254750 18526276 17535452 24433316 25474512
 24433316 21830264 23392090 29118792
 22551482 20309042 18692926 17131100 17131100 17651698 27556968 24953914
 24433316 24433316 31201214 30680586
 34267072 32024632 145270000 118253080 127258608 289359008 190297536 163281056
 163281056 217314272 39024020 33817948
 32024628 31464004 98247328 175828192 195223280 224315968 272804064 204920784
 214618496 175828192 34285440 32303818
 29782186 30903406 32024628 34827692 37630760 35948916 35485136 38288204
 36045760 34924540 35771684 33790032
 28956704 28436106 28956704 29997930 30342782 32024626 30439628 29879032
 30439628 31560846 31214928 32776722
 # AEROSOL TYPE=  1 SIZE BIN=  2VERTICAL LEVEL= SURFACE
 1692 1692 1684 1775 1578 1494 2142 2233 2142 1913 2050 2552
 2049 1845 1638 1502 1502 1547 2415 2187 2142 2142 2735 2689
 3114 2910 5889 4794 5159 11730 7714 6619 6619 8809 3421 2964
 2910 2859 4128 7389 8204 9426 11464 8611 9019 7389 2920 2752
 2706 2808 2910 3165 3419 3266 3224 3479 3275 3173 3047 2878
 2538 2492 2538 2629 2757 2910 2766 2715 2766 2868 2736 2873
 # AEROSOL TYPE=  1 SIZE BIN=  3VERTICAL LEVEL= SURFACE
 12054 12054 11571 12198 10536 9972 14714 15341 14714 13147 14087 17536
 14593 13142 11257 10317 10317 10630 16595 15028 14714 14714 18790 18476
 22175 20724 40459 32934 35442 80588 52999 45475 45475 60523 23501 20366
 20724 20361 29403 52621 58425 67132 81643 61327 64230 52621 19498 18371
 19273 19998 20724 22538 24352 23263 22963 24777 23326 22600 20343 19216
 17438 17125 17438 18065 19635 20724 19698 19335 19698 20424 18798 19739
 # AEROSOL TYPE=  1 SIZE BIN=  4VERTICAL LEVEL= SURFACE
 41946 41946 38842 40949 34373 32538 49402 51506 49399 44136 47296 58874
 50784 45734 37790 34634 34635 35689 55714 50451 49397 49398 63081 62030
 77166 72116 135816 110558 118979 270526 177919 152662 152659 203175 78893 68370
 72117 70855 102322 183104 203301 233596 284089 213400 223500 183110 63606 59931
 67067 69593 72116 78427 84739 80951 79907 86219 81169 78646 66363 62688
 58540 57488 58539 60643 68327 72114 68545 67282 68545 71070 63105 66262
 # AEROSOL TYPE=  1 SIZE BIN=  5VERTICAL LEVEL= SURFACE
 63651 63658 56868 59979 48966 46413 72463 75525 72400 64695 69357 86341
 77072 69418 55334 50725 50747 52328 81651 73940 72371 72375 92429 90921
 117108 109454 198889 161898 174277 396100 260648 223679 223620 297588 115541
 100163
 109464 107557 155419 277809 308430 354364 430942 323751 339087 277932 90517
 85305
 101803 105645 109453 119001 128571 122820 121235 130813 123156 119347 94439
 89229
 85711 84180 85708 88770 103669 109408 103993 102079 103996 107841 92390 97024
 # AEROSOL TYPE=  1 SIZE BIN=  6VERTICAL LEVEL= SURFACE
 41476 41483 35769 37738 29971 28435 45635 47554 45571 40725 43673 54368
 50225 45241 34807 31913 31936 32946 51393 46540 45542 45546 58169 57233
 76317 71333 125003 101758 109560 248925 163857 140627 140567 187070 72692 63030
 71342 70103 101235 180831 200756 230643 280477 210730 220713 180983 55363 52183
 66351 68858 71332 77543 83776 80026 78989 85231 80243 77769 57761 54583
 53916 52957 53913 55832 67550 71286 67754 66507 67757 70268 58115 61035
 # AEROSOL TYPE=  1 SIZE BIN=  7VERTICAL LEVEL= SURFACE
 12706 12706 10667 11246 8733 8270 13556 14136 13553 12109 12978 16159
 15384 13854 10377 9511 9512 9805 15288 13843 13552 13552 17312 17024
 23368 21838 37068 30172 32456 73821 48554 41661 41661 55457 21661 18774
 21840 21460 30806 55095 61161 70276 85485 64211 67262 55111 16170 15239
 20313 21077 21839 23750 25659 24512 24193 26103 24577 23812 16872 15937
 16069 15784 16069 16649 20690 21836 20753 20370 20753 21517 17326 18194
 # AEROSOL TYPE=  1 SIZE BIN=  8VERTICAL LEVEL= SURFACE
 3929 3929 3419 3614 2939 2789 4319 4499 4319 3854 4124 5144
 4739 4274 3329 3059 3059 3149 4874 4409 4319 4319 5519 5429
 7123 6658 11691 9487 10262 23268 15303 13099 13099 17424 6973 6044
 6658 6538 9220 16497 18347 21036 25597 19270 20109 16497 5414 5099
 6194 6418 6658 7243 7828 7468 7438 8023 7558 7318 5654 5339
 5189 5099 5189 5369 6298 6658 6388 6268 6388 6613 5579 5864
 # AEROSOL TYPE=  1 SIZE BIN=  9VERTICAL LEVEL= SURFACE
 3867 3867 3376 3560 3131 2946 4297 4481 4297 3806 4113 5095
 4604 4174 3253 3008 3008 3069 4849 4358 4297 4297 5463 5402
 6875 6445 10583 8800 9442 21184 14091 12037 12037 15874 6875 5954
 6445 6323 8325 14734 16365 18907 22948 17276 17981 14734 5402 5095
 5954 6200 6445 6998 7550 7182 7305 7857 7428 7182 5647 5340
 5279 5218 5279 5463 6077 6445 6261 6138 6261 6507 5463 5770
 # AEROSOL TYPE=  1 SIZE BIN=  10VERTICAL LEVEL= SURFACE
 2726 2726 2726 2891 2478 2395 4213 4378 4213 3717 3965 4874
 3469 3139 2726 2478 2478 2478 4626 4213 4213 4213 5121 5121
 6029 5616 6496 5137 5614 12739 8432 7104 7104 9560 5204 4461
 5616 5616 5137 9177 10037 11650 14168 10751 11134 9177 4378 4130
 5368 5533 5616 6111 6607 6359 6029 6524 6111 6029 4626 4378
 3965 3882 3965 4130 5368 5616 5120 5120 5120 5368 4130 4378
 # AEROSOL TYPE=  1 SIZE BIN=  11VERTICAL LEVEL= SURFACE
 165 165 165 345 0 0 0 0 0 0 0 760
 1006 760 0 0 0 0 345 0 0 0 1006 1006
 760 165 542 165 165 2000 1006 760 760 1286 1006 165
 165 0 0 1286 1286 1611 2000 1611 1611 1286 0 0
 0 0 165 1006 1006 1006 760 1006 1006 760 165 0
 0 0 0 0 0 165 0 0 0 0 0 0
 # AEROSOL TYPE=  1 SIZE BIN=  12VERTICAL LEVEL= SURFACE
 0 0 0 0 0 0 0 0 0 0 0 0
 0 0 0 0 0 0 0 0 0 0 0 0
 0 0 0 0 0 0 0 0 0 0 0 0
 0 0 0 0 0 0 0 0 0 0 0 0
 0 0 0 0 0 0 0 0 0 0 0 0
 0 0 0 0 0 0 0 0 0 0 0 0
 # AEROSOL TYPE=  2 SIZE BIN=  1VERTICAL LEVEL= SURFACE
 6 6 21 22 37 35 27 28 27 24 26 32
 7 7 21 19 19 19 30 28 27 27 34 34
 11 11 74 60 65 148 97 83 83 111 43 37
 11 10 15 27 30 34 42 31 33 27 68 64
 10 10 11 11 12 12 12 13 12 12 71 67
 32 31 32 33 10 11 10 10 10 10 34 36
 # AEROSOL TYPE=  2 SIZE BIN=  2VERTICAL LEVEL= SURFACE
 66 66 220 233 369 349 281 292 280 251 268 334
 80 72 215 197 197 203 316 286 280 280 358 352
 122 114 771 628 676 1536 1010 867 867 1154 448 388
 114 112 162 289 321 369 448 337 353 289 683 643
 106 110 114 124 134 128 126 136 128 124 712 673
 332 326 332 344 108 114 108 106 108 112 358 376
 # AEROSOL TYPE=  2 SIZE BIN=  3VERTICAL LEVEL= SURFACE
 340 342 1089 1158 1788 1695 1395 1444 1385 1239 1327 1650
 411 372 1060 979 986 1016 1568 1415 1385 1386 1768 1739
 624 585 3816 3130 3383 7616 5015 4293 4293 5706 2209 1916
 583 574 847 1499 1665 1910 2315 1747 1828 1507 3270 3082
 542 564 585 636 687 657 649 699 659 639 3412 3224
 1636 1608 1637 1696 553 584 555 545 555 576 1767 1855
 # AEROSOL TYPE=  2 SIZE BIN=  4VERTICAL LEVEL= SURFACE
 856 876 2596 2857 4314 4106 3422 3443 3306 2962 3169 3924
 1028 950 2527 2405 2489 2564 3794 3373 3304 3307 4203 4137
 1543 1465 9165 7742 8517 18440 12197 10352 10352 13678 5239 4557
 1445 1440 2292 3900 4326 4943 5919 4534 4731 3989 7509 7089
 1347 1415 1465 1594 1724 1655 1633 1755 1657 1617 7831 7412
 3848 3793 3861 4003 1380 1457 1386 1361 1385 1441 4183 4396
 # AEROSOL TYPE=  2 SIZE BIN=  5VERTICAL LEVEL= SURFACE
 1030 1074 2964 3388 5020 4802 4034 3935 3781 3397 3627 4472
 1231 1161 2888 2841 3023 3113 4406 3854 3777 3783 4787 4717
 1828 1757 10559 9208 10311 21432 14247 11977 11977 15724 5949 5193
 1715 1730 2958 4854 5382 6123 7247 5634 5862 5048 8258 7812
 1600 1700 1757 1914 2071 1997 1970 2109 1995 1959 8609 8164
 4329 4281 4358 4521 1647 1740 1658 1627 1655 1727 4742 4988
 # AEROSOL TYPE=  2 SIZE BIN=  6VERTICAL LEVEL= SURFACE
 558 575 1568 1757 2529 2414 2099 2081 1999 1793 1917 2369
 669 623 1527 1476 1548 1594 2310 2038 1997 2000 2537 2498
 1000 954 5560 4767 5288 11231 7447 6292 6292 8289 3158 2751
 937 938 1536 2576 2858 3259 3884 2993 3120 2653 4272 4037
 874 922 954 1039 1123 1080 1066 1144 1080 1057 4454 4220
 2309 2279 2321 2406 897 947 901 885 901 938 2519 2649
 # AEROSOL TYPE=  2 SIZE BIN=  7VERTICAL LEVEL= SURFACE
 150 151 420 450 626 594 539 555 532 476 510 633
 180 164 409 380 385 396 604 543 532 532 678 667
 274 258 1466 1212 1315 2932 1935 1650 1650 2192 846 734
 257 254 380 661 735 843 1021 776 809 667 1128 1064
 239 249 258 281 303 290 286 309 291 283 1177 1113
 627 617 628 650 244 258 245 241 245 254 676 711
 # AEROSOL TYPE=  2 SIZE BIN=  8VERTICAL LEVEL= SURFACE
 33 33 123 131 201 190 167 176 167 151 162 198
 42 39 120 109 109 114 190 173 167 167 212 209
 78 72 443 356 399 888 577 489 489 665 256 220
 72 72 110 178 201 244 289 222 222 178 365 346
 67 70 72 81 86 81 78 84 81 78 382 362
 198 192 198 204 70 72 67 64 67 70 204 215
 # AEROSOL TYPE=  2 SIZE BIN=  9VERTICAL LEVEL= SURFACE
 11 11 123 134 223 212 190 190 190 167 178 212
 22 22 123 112 112 112 212 190 190 190 234 223
 100 89 428 355 357 871 533 446 446 622 234 201
 89 89 89 178 178 249 267 178 178 178 390 368
 89 89 89 100 100 100 100 100 100 100 401 379
 178 178 178 178 89 89 89 89 89 89 178 190
 # AEROSOL TYPE=  2 SIZE BIN=  10VERTICAL LEVEL= SURFACE
 0 0 45 45 45 45 45 45 45 0 0 45
 0 0 45 45 45 45 45 45 45 45 45 45
 0 0 357 356 357 709 357 357 357 509 45 45
 0 0 0 0 0 152 331 0 152 0 357 357
 0 0 0 0 0 0 0 0 0 0 401 357
 0 0 0 45 0 0 0 0 0 0 45 45
 # AEROSOL TYPE=  2 SIZE BIN=  11VERTICAL LEVEL= SURFACE
 0 0 0 0 0 0 0 0 0 0 0 0
 0 0 0 0 0 0 0 0 0 0 0 0
 0 0 0 0 0 0 0 0 0 0 0 0
 0 0 0 0 0 0 0 0 0 0 0 0
 0 0 0 0 0 0 0 0 0 0 0 0
 0 0 0 0 0 0 0 0 0 0 0 0
 # AEROSOL TYPE=  2 SIZE BIN=  12VERTICAL LEVEL= SURFACE
 0 0 0 0 0 0 0 0 0 0 0 0
 0 0 0 0 0 0 0 0 0 0 0 0
 0 0 0 0 0 0 0 0 0 0 0 0
 0 0 0 0 0 0 0 0 0 0 0 0
 0 0 0 0 0 0 0 0 0 0 0 0
 0 0 0 0 0 0 0 0 0 0 0 0
 # AEROSOL TYPE=  3 SIZE BIN=  1VERTICAL LEVEL= SURFACE
 49 49 54 57 48 45 69 72 69 61 66 82
 59 53 53 48 48 50 77 70 69 69 88 86
 89 83 189 154 165 376 247 212 212 282 110 95
 83 82 118 212 235 270 329 247 259 212 88 83
 78 81 83 91 98 94 92 100 94 91 92 87
 81 80 81 84 79 83 79 78 79 82 88 92
 # AEROSOL TYPE=  3 SIZE BIN=  2VERTICAL LEVEL= SURFACE
 522 522 561 591 482 457 713 743 713 637 682 850
 633 570 545 500 500 515 804 728 713 713 910 895
 961 898 1960 1596 1717 3904 2568 2203 2203 2932 1139 987
 898 883 1275 2281 2533 2910 3539 2658 2784 2281 893 841
 835 867 898 977 1056 1008 995 1074 1011 980 931 880
 845 830 845 875 851 898 854 838 854 885 911 956
 # AEROSOL TYPE=  3 SIZE BIN=  3VERTICAL LEVEL= SURFACE
 2657 2657 2749 2898 2299 2176 3496 3645 3496 3124 3347 4167
 3216 2896 2675 2451 2451 2526 3943 3571 3496 3496 4465 4390
 4887 4567 9614 7826 8422 19149 12594 10806 10806 14382 5584 4839
 4567 4487 6480 11597 12877 14796 17994 13516 14156 11597 4255 4009
 4248 4407 4567 4967 5367 5127 5061 5461 5141 4981 4439 4193
 4144 4069 4144 4293 4328 4567 4341 4261 4341 4501 4467 4690
 # AEROSOL TYPE=  3 SIZE BIN=  4VERTICAL LEVEL= SURFACE
 6446 6446 6436 6785 5230 4950 8184 8533 8184 7312 7836 9754
 7804 7028 6262 5738 5738 5913 9231 8359 8184 8184 10451 10277
 11859 11083 22504 18319 19714 44825 29479 25294 25294 33664 13072 11328
 11083 10889 15724 28141 31245 35901 43662 32797 34349 28141 9679 9119
 10307 10695 11083 12053 13023 12441 12280 13250 12474 12086 10098 9539
 9699 9525 9699 10048 10501 11083 10534 10340 10534 10922 10456 10979
 # AEROSOL TYPE=  3 SIZE BIN=  5VERTICAL LEVEL= SURFACE
 7465 7465 7190 7580 5678 5374 9144 9533 9144 8170 8754 10897
 9038 8139 6995 6411 6411 6606 10313 9338 9144 9144 11676 11482
 13734 12835 25140 20465 22023 50075 32932 28257 28257 37608 14604 12655
 12835 12610 18209 32587 36182 41574 50560 37979 39776 32587 10508 9901
 11936 12385 12835 13958 15082 14408 14222 15345 14447 13997 10964 10356
 10837 10642 10837 11226 12161 12835 12200 11975 12200 12649 11681 12266
 # AEROSOL TYPE=  3 SIZE BIN=  6VERTICAL LEVEL= SURFACE
 4139 4139 3849 4057 2955 2797 4894 5103 4894 4373 4686 5833
 5012 4513 3745 3432 3432 3536 5520 4998 4894 4894 6250 6145
 7616 7117 13453 10951 11785 26796 17622 15121 15121 20124 7817 6774
 7117 6993 10095 18067 20061 23049 28032 21056 22053 18067 5468 5152
 6619 6868 7117 7740 8363 7990 7886 8509 8011 7762 5705 5389
 5800 5696 5800 6008 6744 7117 6765 6640 6765 7014 6252 6565
 # AEROSOL TYPE=  3 SIZE BIN=  7VERTICAL LEVEL= SURFACE
 1164 1164 1053 1110 793 750 1337 1394 1337 1194 1280 1593
 1408 1268 1025 939 939 968 1508 1365 1337 1337 1708 1679
 2137 1996 3674 2990 3220 7318 4812 4128 4128 5496 2139 1854
 1996 1962 2833 5067 5623 6465 7863 5908 6186 5067 1466 1381
 1856 1927 1996 2171 2346 2241 2216 2390 2251 2181 1530 1445
 1586 1557 1586 1643 1891 1996 1901 1866 1901 1971 1712 1797
 # AEROSOL TYPE=  3 SIZE BIN=  8VERTICAL LEVEL= SURFACE
 349 349 327 345 252 239 418 436 418 376 403 497
 418 379 318 291 291 300 473 427 418 418 533 524
 621 582 1133 917 988 2242 1471 1255 1255 1688 649 561
 582 570 820 1471 1639 1882 2291 1712 1808 1471 479 452
 539 561 582 630 682 652 642 694 652 633 497 470
 479 470 479 494 549 582 552 539 552 570 515 542
 # AEROSOL TYPE=  3 SIZE BIN=  9VERTICAL LEVEL= SURFACE
 364 364 279 303 255 242 412 436 412 376 400 497
 424 388 279 242 242 255 473 424 412 412 533 521
 570 533 1042 851 945 2181 1427 1236 1236 1621 618 533
 533 521 754 1333 1524 1718 2106 1602 1699 1333 436 412
 497 509 533 582 630 594 570 618 582 558 461 424
 473 473 473 497 497 533 485 473 485 497 497 521
 # AEROSOL TYPE=  3 SIZE BIN=  10VERTICAL LEVEL= SURFACE
 436 436 97 97 48 48 388 436 388 388 388 485
 485 436 97 48 48 48 436 388 388 388 485 485
 485 436 775 742 769 1700 1130 931 931 1312 485 436
 436 436 670 1130 1157 1445 1700 1312 1318 1130 436 388
 388 436 436 485 533 485 485 485 485 436 436 436
 388 388 388 388 388 436 388 388 388 388 388 436
 # AEROSOL TYPE=  3 SIZE BIN=  11VERTICAL LEVEL= SURFACE
 0 0 0 0 0 0 0 0 0 0 0 0
 0 0 0 0 0 0 0 0 0 0 0 0
 0 0 0 0 0 345 0 0 0 0 0 0
 0 0 0 0 0 0 345 0 0 0 0 0
 0 0 0 0 0 0 0 0 0 0 0 0
 0 0 0 0 0 0 0 0 0 0 0 0
 # AEROSOL TYPE=  3 SIZE BIN=  12VERTICAL LEVEL= SURFACE
 0 0 0 0 0 0 0 0 0 0 0 0
 0 0 0 0 0 0 0 0 0 0 0 0
 0 0 0 0 0 0 0 0 0 0 0 0
 0 0 0 0 0 0 0 0 0 0 0 0
 0 0 0 0 0 0 0 0 0 0 0 0
 0 0 0 0 0 0 0 0 0 0 0 0
 # AEROSOL TYPE=  4 SIZE BIN=  1VERTICAL LEVEL= SURFACE
 0 0 0 0 0 0 0 0 0 0 0 0
 0 0 0 0 0 0 0 0 0 0 0 0
 0 0 0 0 0 0 0 0 0 0 0 0
 0 0 0 0 0 0 0 0 0 0 0 0
 0 0 0 0 0 0 0 0 0 0 0 0
 0 0 0 0 0 0 0 0 0 0 0 0
 # AEROSOL TYPE=  4 SIZE BIN=  2VERTICAL LEVEL= SURFACE
 0 0 0 0 0 0 0 0 0 0 0 0
 0 0 0 0 0 0 0 0 0 0 0 0
 0 0 0 0 0 0 0 0 0 0 0 0
 0 0 0 0 0 0 0 0 0 0 0 0
 0 0 0 0 0 0 0 0 0 0 0 0
 0 0 0 0 0 0 0 0 0 0 0 0
 # AEROSOL TYPE=  4 SIZE BIN=  3VERTICAL LEVEL= SURFACE
 0 0 0 0 0 0 0 0 0 0 0 0
 0 0 0 0 0 0 0 0 0 0 0 0
 0 0 0 0 0 0 0 0 0 0 0 0
 0 0 0 0 0 0 0 0 0 0 0 0
 0 0 0 0 0 0 0 0 0 0 0 0
 0 0 0 0 0 0 0 0 0 0 0 0
 # AEROSOL TYPE=  4 SIZE BIN=  4VERTICAL LEVEL= SURFACE
 0 0 0 0 0 0 0 0 0 0 0 0
 0 0 0 0 0 0 0 0 0 0 0 0
 0 0 0 0 0 0 0 0 0 0 0 0
 0 0 0 0 0 0 0 0 0 0 0 0
 0 0 0 0 0 0 0 0 0 0 0 0
 0 0 0 0 0 0 0 0 0 0 0 0
 # AEROSOL TYPE=  4 SIZE BIN=  5VERTICAL LEVEL= SURFACE
 0 0 0 0 0 0 0 0 0 0 0 0
 0 0 0 0 0 0 0 0 0 0 0 0
 0 0 0 0 0 0 0 0 0 0 0 0
 0 0 0 0 0 0 0 0 0 0 0 0
 0 0 0 0 0 0 0 0 0 0 0 0
 0 0 0 0 0 0 0 0 0 0 0 0
 # AEROSOL TYPE=  4 SIZE BIN=  6VERTICAL LEVEL= SURFACE
 0 0 0 0 0 0 0 0 0 0 0 0
 0 0 0 0 0 0 0 0 0 0 0 0
 0 0 0 0 0 0 0 0 0 0 0 0
 0 0 0 0 0 0 0 0 0 0 0 0
 0 0 0 0 0 0 0 0 0 0 0 0
 0 0 0 0 0 0 0 0 0 0 0 0
 # AEROSOL TYPE=  4 SIZE BIN=  7VERTICAL LEVEL= SURFACE
 0 0 0 0 0 0 0 0 0 0 0 0
 0 0 0 0 0 0 0 0 0 0 0 0
 0 0 0 0 0 0 0 0 0 0 0 0
 0 0 0 0 0 0 0 0 0 0 0 0
 0 0 0 0 0 0 0 0 0 0 0 0
 0 0 0 0 0 0 0 0 0 0 0 0
 # AEROSOL TYPE=  4 SIZE BIN=  8VERTICAL LEVEL= SURFACE
 0 0 0 0 0 0 0 0 0 0 0 0
 0 0 0 0 0 0 0 0 0 0 0 0
 0 0 0 0 0 0 0 0 0 0 0 0
 0 0 0 0 0 0 0 0 0 0 0 0
 0 0 0 0 0 0 0 0 0 0 0 0
 0 0 0 0 0 0 0 0 0 0 0 0
 # AEROSOL TYPE=  4 SIZE BIN=  9VERTICAL LEVEL= SURFACE
 0 0 0 0 0 0 0 0 0 0 0 0
 0 0 0 0 0 0 0 0 0 0 0 0
 0 0 0 0 0 0 0 0 0 0 0 0
 0 0 0 0 0 0 0 0 0 0 0 0
 0 0 0 0 0 0 0 0 0 0 0 0
 0 0 0 0 0 0 0 0 0 0 0 0
 # AEROSOL TYPE=  4 SIZE BIN=  10VERTICAL LEVEL= SURFACE
 0 0 0 0 0 0 0 0 0 0 0 0
 0 0 0 0 0 0 0 0 0 0 0 0
 0 0 0 0 0 0 0 0 0 0 0 0
 0 0 0 0 0 0 0 0 0 0 0 0
 0 0 0 0 0 0 0 0 0 0 0 0
 0 0 0 0 0 0 0 0 0 0 0 0
 # AEROSOL TYPE=  4 SIZE BIN=  11VERTICAL LEVEL= SURFACE
 0 0 0 0 0 0 0 0 0 0 0 0
 0 0 0 0 0 0 0 0 0 0 0 0
 0 0 0 0 0 0 0 0 0 0 0 0
 0 0 0 0 0 0 0 0 0 0 0 0
 0 0 0 0 0 0 0 0 0 0 0 0
 0 0 0 0 0 0 0 0 0 0 0 0
 # AEROSOL TYPE=  4 SIZE BIN=  12VERTICAL LEVEL= SURFACE
 0 0 0 0 0 0 0 0 0 0 0 0
 0 0 0 0 0 0 0 0 0 0 0 0
 0 0 0 0 0 0 0 0 0 0 0 0
 0 0 0 0 0 0 0 0 0 0 0 0
 0 0 0 0 0 0 0 0 0 0 0 0
 0 0 0 0 0 0 0 0 0 0 0 0
 # AEROSOL TYPE=  5 SIZE BIN=  1VERTICAL LEVEL= SURFACE
 0 0 0 0 0 0 0 0 0 0 0 0
 0 0 0 0 0 0 0 0 0 0 0 0
 0 0 0 0 0 0 0 0 0 0 0 0
 0 0 0 0 0 0 0 0 0 0 0 0
 0 0 0 0 0 0 0 0 0 0 0 0
 0 0 0 0 0 0 0 0 0 0 0 0
 # AEROSOL TYPE=  5 SIZE BIN=  2VERTICAL LEVEL= SURFACE
 0 0 0 0 0 0 0 0 0 0 0 0
 0 0 0 0 0 0 0 0 0 0 0 0
 0 0 0 0 0 0 0 0 0 0 0 0
 0 0 0 0 0 0 0 0 0 0 0 0
 0 0 0 0 0 0 0 0 0 0 0 0
 0 0 0 0 0 0 0 0 0 0 0 0
 # AEROSOL TYPE=  5 SIZE BIN=  3VERTICAL LEVEL= SURFACE
 0 0 0 0 0 0 0 0 0 0 0 0
 0 0 0 0 0 0 0 0 0 0 0 0
 0 0 0 0 0 0 0 0 0 0 0 0
 0 0 0 0 0 0 0 0 0 0 0 0
 0 0 0 0 0 0 0 0 0 0 0 0
 0 0 0 0 0 0 0 0 0 0 0 0
 # AEROSOL TYPE=  5 SIZE BIN=  4VERTICAL LEVEL= SURFACE
 0 0 0 0 0 0 0 0 0 0 0 0
 0 0 0 0 0 0 0 0 0 0 0 0
 0 0 0 0 0 0 0 0 0 0 0 0
 0 0 0 0 0 0 0 0 0 0 0 0
 0 0 0 0 0 0 0 0 0 0 0 0
 0 0 0 0 0 0 0 0 0 0 0 0
 # AEROSOL TYPE=  5 SIZE BIN=  5VERTICAL LEVEL= SURFACE
 0 0 0 0 0 0 0 0 0 0 0 0
 0 0 0 0 0 0 0 0 0 0 0 0
 0 0 0 0 0 0 0 0 0 0 0 0
 0 0 0 0 0 0 0 0 0 0 0 0
 0 0 0 0 0 0 0 0 0 0 0 0
 0 0 0 0 0 0 0 0 0 0 0 0
 # AEROSOL TYPE=  5 SIZE BIN=  6VERTICAL LEVEL= SURFACE
 0 0 0 0 0 0 0 0 0 0 0 0
 0 0 0 0 0 0 0 0 0 0 0 0
 0 0 0 0 0 0 0 0 0 0 0 0
 0 0 0 0 0 0 0 0 0 0 0 0
 0 0 0 0 0 0 0 0 0 0 0 0
 0 0 0 0 0 0 0 0 0 0 0 0
 # AEROSOL TYPE=  5 SIZE BIN=  7VERTICAL LEVEL= SURFACE
 0 0 0 0 0 0 0 0 0 0 0 0
 0 0 0 0 0 0 0 0 0 0 0 0
 0 0 0 0 0 0 0 0 0 0 0 0
 0 0 0 0 0 0 0 0 0 0 0 0
 0 0 0 0 0 0 0 0 0 0 0 0
 0 0 0 0 0 0 0 0 0 0 0 0
 # AEROSOL TYPE=  5 SIZE BIN=  8VERTICAL LEVEL= SURFACE
 0 0 0 0 0 0 0 0 0 0 0 0
 0 0 0 0 0 0 0 0 0 0 0 0
 0 0 0 0 0 0 0 0 0 0 0 0
 0 0 0 0 0 0 0 0 0 0 0 0
 0 0 0 0 0 0 0 0 0 0 0 0
 0 0 0 0 0 0 0 0 0 0 0 0
 # AEROSOL TYPE=  5 SIZE BIN=  9VERTICAL LEVEL= SURFACE
 0 0 0 0 0 0 0 0 0 0 0 0
 0 0 0 0 0 0 0 0 0 0 0 0
 0 0 0 0 0 0 0 0 0 0 0 0
 0 0 0 0 0 0 0 0 0 0 0 0
 0 0 0 0 0 0 0 0 0 0 0 0
 0 0 0 0 0 0 0 0 0 0 0 0
 # AEROSOL TYPE=  5 SIZE BIN=  10VERTICAL LEVEL= SURFACE
 0 0 0 0 0 0 0 0 0 0 0 0
 0 0 0 0 0 0 0 0 0 0 0 0
 0 0 0 0 0 0 0 0 0 0 0 0
 0 0 0 0 0 0 0 0 0 0 0 0
 0 0 0 0 0 0 0 0 0 0 0 0
 0 0 0 0 0 0 0 0 0 0 0 0
 # AEROSOL TYPE=  5 SIZE BIN=  11VERTICAL LEVEL= SURFACE
 0 0 0 0 0 0 0 0 0 0 0 0
 0 0 0 0 0 0 0 0 0 0 0 0
 0 0 0 0 0 0 0 0 0 0 0 0
 0 0 0 0 0 0 0 0 0 0 0 0
 0 0 0 0 0 0 0 0 0 0 0 0
 0 0 0 0 0 0 0 0 0 0 0 0
 # AEROSOL TYPE=  5 SIZE BIN=  12VERTICAL LEVEL= SURFACE
 0 0 0 0 0 0 0 0 0 0 0 0
 0 0 0 0 0 0 0 0 0 0 0 0
 0 0 0 0 0 0 0 0 0 0 0 0
 0 0 0 0 0 0 0 0 0 0 0 0
 0 0 0 0 0 0 0 0 0 0 0 0
 0 0 0 0 0 0 0 0 0 0 0 0
