0.0025	3	0	5
0.005	5	0	10
0.0075	8	0	15
0.01	10	0	20
0.0125	13	0	26
0.015	15	0	31
0.0175	18	0	36
0.02	20	0	41
0.0225	23	0	46
0.025	25	0	51
0.0275	28	0	56
0.03	30	0	61
0.0325	33	0	66
0.035	36	0	71
0.0375	38	0	77
0.04	41	0	82
0.0425	43	0	87
0.045	46	0	92
0.0475	48	0	97
0.05	51	0	102
0.0525	53	0	107
0.055	56	0	112
0.0575	58	0	117
0.06	61	0	122
0.0625	64	0	128
0.065	66	0	133
0.0675	69	0	138
0.07	71	0	143
0.0725	74	0	148
0.075	76	0	153
0.0775	79	0	158
0.08	81	0	163
0.0825	84	0	168
0.085	86	0	173
0.0875	89	0	179
0.09	91	0	184
0.0925	94	0	189
0.095	97	0	194
0.0975	99	0	199
0.1	102	0	204
0.1025	104	0	209
0.105	107	0	214
0.1075	109	0	219
0.11	112	0	224
0.1125	114	0	230
0.115	117	0	235
0.1175	119	0	240
0.12	122	0	245
0.1225	124	0	250
0.125	127	0	255
0.1275	124	0	255
0.13	122	0	255
0.1325	119	0	255
0.135	117	0	255
0.1375	114	0	255
0.14	112	0	255
0.1425	109	0	255
0.145	107	0	255
0.1475	104	0	255
0.15	102	0	255
0.1525	99	0	255
0.155	97	0	255
0.1575	94	0	255
0.16	91	0	255
0.1625	89	0	255
0.165	86	0	255
0.1675	84	0	255
0.17	81	0	255
0.1725	79	0	255
0.175	76	0	255
0.1775	74	0	255
0.18	71	0	255
0.1825	69	0	255
0.185	66	0	255
0.1875	64	0	255
0.19	61	0	255
0.1925	58	0	255
0.195	56	0	255
0.1975	53	0	255
0.2	51	0	255
0.2025	48	0	255
0.205	46	0	255
0.2075	43	0	255
0.21	41	0	255
0.2125	38	0	255
0.215	36	0	255
0.2175	33	0	255
0.22	30	0	255
0.2225	28	0	255
0.225	25	0	255
0.2275	23	0	255
0.23	20	0	255
0.2325	18	0	255
0.235	15	0	255
0.2375	13	0	255
0.24	10	0	255
0.2425	8	0	255
0.245	5	0	255
0.2475	3	0	255
0.25	0	0	255
0.2525	0	5	255
0.255	0	10	255
0.2575	0	15	255
0.26	0	20	255
0.2625	0	26	255
0.265	0	31	255
0.2675	0	36	255
0.27	0	41	255
0.2725	0	46	255
0.275	0	51	255
0.2775	0	56	255
0.28	0	61	255
0.2825	0	66	255
0.285	0	71	255
0.2875	0	77	255
0.29	0	82	255
0.2925	0	87	255
0.295	0	92	255
0.2975	0	97	255
0.3	0	102	255
0.3025	0	107	255
0.305	0	112	255
0.3075	0	117	255
0.31	0	122	255
0.3125	0	128	255
0.315	0	133	255
0.3175	0	138	255
0.32	0	143	255
0.3225	0	148	255
0.325	0	153	255
0.3275	0	158	255
0.33	0	163	255
0.3325	0	168	255
0.335	0	173	255
0.3375	0	179	255
0.34	0	184	255
0.3425	0	189	255
0.345	0	194	255
0.3475	0	199	255
0.35	0	204	255
0.3525	0	209	255
0.355	0	214	255
0.3575	0	219	255
0.36	0	224	255
0.3625	0	230	255
0.365	0	235	255
0.3675	0	240	255
0.37	0	245	255
0.3725	0	250	255
0.375	0	255	255
0.3775	0	255	250
0.38	0	255	245
0.3825	0	255	240
0.385	0	255	235
0.3875	0	255	230
0.39	0	255	224
0.3925	0	255	219
0.395	0	255	214
0.3975	0	255	209
0.4	0	255	204
0.4025	0	255	199
0.405	0	255	194
0.4075	0	255	189
0.41	0	255	184
0.4125	0	255	179
0.415	0	255	173
0.4175	0	255	168
0.42	0	255	163
0.4225	0	255	158
0.425	0	255	153
0.4275	0	255	148
0.43	0	255	143
0.4325	0	255	138
0.435	0	255	133
0.4375	0	255	128
0.44	0	255	122
0.4425	0	255	117
0.445	0	255	112
0.4475	0	255	107
0.45	0	255	102
0.4525	0	255	97
0.455	0	255	92
0.4575	0	255	87
0.46	0	255	82
0.4625	0	255	77
0.465	0	255	71
0.4675	0	255	66
0.47	0	255	61
0.4725	0	255	56
0.475	0	255	51
0.4775	0	255	46
0.48	0	255	41
0.4825	0	255	36
0.485	0	255	31
0.4875	0	255	26
0.49	0	255	20
0.4925	0	255	15
0.495	0	255	10
0.4975	0	255	5
0.5	0	255	0
0.5025	3	255	0
0.505	5	255	0
0.5075	8	255	0
0.51	10	255	0
0.5125	13	255	0
0.515	15	255	0
0.5175	18	255	0
0.52	20	255	0
0.5225	23	255	0
0.525	25	255	0
0.5275	28	255	0
0.53	30	255	0
0.5325	33	255	0
0.535	36	255	0
0.5375	38	255	0
0.54	41	255	0
0.5425	43	255	0
0.545	46	255	0
0.5475	48	255	0
0.55	51	255	0
0.5525	53	255	0
0.555	56	255	0
0.5575	58	255	0
0.56	61	255	0
0.5625	64	255	0
0.565	66	255	0
0.5675	69	255	0
0.57	71	255	0
0.5725	74	255	0
0.575	76	255	0
0.5775	79	255	0
0.58	81	255	0
0.5825	84	255	0
0.585	86	255	0
0.5875	89	255	0
0.59	91	255	0
0.5925	94	255	0
0.595	97	255	0
0.5975	99	255	0
0.6	102	255	0
0.6025	104	255	0
0.605	107	255	0
0.6075	109	255	0
0.61	112	255	0
0.6125	114	255	0
0.615	117	255	0
0.6175	119	255	0
0.62	122	255	0
0.6225	124	255	0
0.625	127	255	0
0.6275	130	255	0
0.63	132	255	0
0.6325	135	255	0
0.635	137	255	0
0.6375	140	255	0
0.64	142	255	0
0.6425	145	255	0
0.645	147	255	0
0.6475	150	255	0
0.65	153	255	0
0.6525	155	255	0
0.655	158	255	0
0.6575	160	255	0
0.66	163	255	0
0.6625	165	255	0
0.665	168	255	0
0.6675	171	255	0
0.67	173	255	0
0.6725	176	255	0
0.675	178	255	0
0.6775	181	255	0
0.68	183	255	0
0.6825	186	255	0
0.685	188	255	0
0.6875	191	255	0
0.69	194	255	0
0.6925	196	255	0
0.695	199	255	0
0.6975	201	255	0
0.7	204	255	0
0.7025	206	255	0
0.705	209	255	0
0.7075	211	255	0
0.71	214	255	0
0.7125	217	255	0
0.715	219	255	0
0.7175	222	255	0
0.72	224	255	0
0.7225	227	255	0
0.725	229	255	0
0.7275	232	255	0
0.73	235	255	0
0.7325	237	255	0
0.735	240	255	0
0.7375	242	255	0
0.74	245	255	0
0.7425	247	255	0
0.745	250	255	0
0.7475	252	255	0
0.75	255	255	0
0.7525	255	252	0
0.755	255	250	0
0.7575	255	247	0
0.76	255	245	0
0.7625	255	242	0
0.765	255	240	0
0.7675	255	237	0
0.77	255	235	0
0.7725	255	232	0
0.775	255	229	0
0.7775	255	227	0
0.78	255	224	0
0.7825	255	222	0
0.785	255	219	0
0.7875	255	217	0
0.79	255	214	0
0.7925	255	211	0
0.795	255	209	0
0.7975	255	206	0
0.8	255	204	0
0.8025	255	201	0
0.805	255	199	0
0.8075	255	196	0
0.81	255	194	0
0.8125	255	191	0
0.815	255	188	0
0.8175	255	186	0
0.82	255	183	0
0.8225	255	181	0
0.825	255	178	0
0.8275	255	176	0
0.83	255	173	0
0.8325	255	171	0
0.835	255	168	0
0.8375	255	165	0
0.84	255	163	0
0.8425	255	160	0
0.845	255	158	0
0.8475	255	155	0
0.85	255	153	0
0.8525	255	150	0
0.855	255	147	0
0.8575	255	145	0
0.86	255	142	0
0.8625	255	140	0
0.865	255	137	0
0.8675	255	135	0
0.87	255	132	0
0.8725	255	130	0
0.875	255	127	0
0.8775	255	124	0
0.88	255	122	0
0.8825	255	119	0
0.885	255	117	0
0.8875	255	114	0
0.89	255	112	0
0.8925	255	109	0
0.895	255	107	0
0.8975	255	104	0
0.9	255	102	0
0.9025	255	99	0
0.905	255	97	0
0.9075	255	94	0
0.91	255	91	0
0.9125	255	89	0
0.915	255	86	0
0.9175	255	84	0
0.92	255	81	0
0.9225	255	79	0
0.925	255	76	0
0.9275	255	74	0
0.93	255	71	0
0.9325	255	69	0
0.935	255	66	0
0.9375	255	64	0
0.94	255	61	0
0.9425	255	58	0
0.945	255	56	0
0.9475	255	53	0
0.95	255	51	0
0.9525	255	48	0
0.955	255	46	0
0.9575	255	43	0
0.96	255	41	0
0.9625	255	38	0
0.965	255	36	0
0.9675	255	33	0
0.97	255	30	0
0.9725	255	28	0
0.975	255	25	0
0.9775	255	23	0
0.98	255	20	0
0.9825	255	18	0
0.985	255	15	0
0.9875	255	13	0
0.99	255	10	0
0.9925	255	8	0
0.995	255	5	0
0.9975	255	3	0
1	255	0	0
